cross	individual	sex	plant	calyx_w3	calyx_w4	calyx_w5	mean_cw
1	1	F	517	12.68	13.27	13.19	13.05
1	2	F	820	12.59	11.93	12.02	12.18
1	3	M	602	7.75	7.35	6.62	7.24
1	4	M	819	8.57	7.97	8.44	8.33
1	5	M	1889	10.01	10.34	9.99	10.11
1	6	M	397	9.52	8.94	9.6	9.35
1	7	F	1899	13.25	11.94	12.51	12.57
1	8	F	1398	9.12	10.28	10.21	9.87
1	9	F	920	10.99	10.91	11.21	11.04
1	10	M	818	8.76	8.74	8.61	8.70
1	11	M	1137	7.39	7.68	7.48	7.52
2	1	F	1454	12.38	12.27	11.89	12.18
2	2	M	936	8.34	8.63	8.11	8.36
2	3	F	1682	15.68	14.57	15.23	15.16
2	4	M	1912	8.76	9.08	8.86	8.90
2	5	F	729	11.48	11.48	11.49	11.48
2	6	M	1702	7.94	9.21	7.13	8.09
2	7	M	864	9.28	9.1	8.78	9.05
2	8	M	412	9.55	8.74	8.91	9.07
2	9	M	596	8.9	9.05	8.53	8.83
2	10	M	1389	9.5	9.17	8.65	9.11
2	11	M	1547	10.73	10.47	9.87	10.36
2	12	M	1395	8.65	8.76	8.77	8.73
3	1	F	392	12.61	12.29	11.52	12.14
3	2	F	707	15.13	13.65	13.48	14.09
3	3	M	1543	11.45	10.51	10.81	10.92
3	4	F	948	11.85	11.73	12.26	11.95
3	5	M	1462	10.43	9.19	8.18	9.27
3	6	F	815	12.12	10.92	10.96	11.33
3	7	M	917	10.88	10.54	9.54	10.32
3	8	M	1610	10.29	10.66	9.75	10.23
3	9	F	728	11.32	10.77	10.21	10.77
3	10	M	460	10.15	10.06	10.14	10.12
3	11	M	708	8.78	8.89	8.88	8.85
3	12	M	1841	10.26	9.66	9.72	9.88
4	1	M	706	10.02	9.69	9.36	9.69
4	2	M	1371	9.44	9.27	8.93	9.21
4	3	M	1062	9.45	8.65	8.68	8.93
4	4	F	1763	13.33	11.88	12.13	12.45
4	5	F	461	12.96	12.47	12.02	12.48
4	6	F	1063	11.14	10.96	10.89	11.00
4	7	M	1801	11.95	11.54	11.86	11.78
4	8	F	1713	12.98	12.31	12.12	12.47
4	9	F	337	13.33	11.33	12.1	12.25
4	10	F	1867	13.52	12.38	11.84	12.58
4	11	M	1654	9.38	9.08	9.11	9.19
4	12	F	1555	13.26	11.87	12.3	12.48
5	1	M	1513	8.92	8.32	8.06	8.43
5	2	F	1184	12.5	11.87	11.9	12.09
5	4	M	1360	9.09	8.9	8.78	8.92
5	5	F	1136	11.64	12.1	11.15	11.63
5	6	F	1060	12.84	11.96	12.16	12.32
5	7	F	1347	13.67	13.31	12.97	13.32
5	8	F	1185	12.03	10.85	11.29	11.39
5	10	F	916	13.8	12.93	12.18	12.97
6	1	F	1635	11.37	11.29	11.47	11.38
6	2	F	949	12.34	11.63	12.13	12.03
6	3	F	626	13.08	12.56	11.38	12.34
6	4	F	1183	13.05	12.35	12.35	12.58
6	5	F	814	12.02	11.93	11.51	11.82
6	6	F	1719	12.13	11.72	11.91	11.92
6	7	F	863	11.63	11.49	11.5	11.54
6	8	M	1632	10.08	10.29	10.29	10.22
6	9	F	860	13.97	12.53	12.92	13.14
6	10	M	947	10.37	9.97	9.2	9.85
6	11	F	1059	13.37	13.33	12.86	13.19
6	12	F	953	12.8	12.6	12.45	12.62
7	1	M	1606	9.72	9.02	8.63	9.12
7	2	F	1157	13.03	12.52	12.35	12.63
7	3	F	1847	10.3	9.85	9.86	10.00
7	4	F	600	12.16	11.48	11.85	11.83
7	5	F	813	11.59	11.56	11.69	11.61
7	6	F	1377	14.76	13.72	13.2	13.89
7	7	M	1746	9.73	10.08	9.42	9.74
7	8	M	857	10.22	9.46	9.84	9.84
7	9	M	954	9.55	8.97	9	9.17
7	10	F	859	13.52	12.3	12.55	12.79
7	11	F	625	11.86	11.58	11.13	11.52
7	12	M	1070	10.99	10.8	10.16	10.65
8	1	M	1856	8.88	9.18	9.11	9.06
8	2	M	1224	8.99	8.82	7.75	8.52
8	3	F	1348	14.13	13.22	12.99	13.45
8	4	F	1859	12.76	12.05	11.47	12.09
8	5	F	1308	13.62	12.86	12.75	13.08
8	6	M	1532	9.97	9.84	9.07	9.63
8	7	F	1163	14.56	13.67	12.92	13.72
8	8	M	1970	8.37	6.92	7.8	7.70
8	9	F	1361	14.27	13.27	13.6	13.71
8	10	F	1824	12.96	12.95	12.94	12.95
8	11	M	1510	8.68	8.74	8.36	8.59
8	12	M	1868	9.11	8.68	8.86	8.88
9	1	F	1463	13.42	12.87	12.88	13.06
9	2	F	1857	13.94	11.64	11.86	12.48
9	3	F	1863	13.12	13.11	12.94	13.06
9	4	M	870	10.64	10.01	9.85	10.17
9	5	F	1075	11.5	11	10.84	11.11
9	6	F	1559	13.57	12.37	12.9	12.95
9	7	F	1215	12.91	12.5	12.2	12.54
9	8	F	1617	13.15	13.75	13.31	13.40
9	9	F	762	12.66	13.56	13.74	13.32
9	10	M	1764	10.06	10.33	10.01	10.13
9	11	F	1359	12.61	13.03	12.74	12.79
9	12	F	1074	13.77	13.07	12.64	13.16
10	1	F	1164	13.58	12.83	12.56	12.99
10	2	M	1416	7.3	7	6.69	7.00
10	3	M	774	7.54	7.54	7.6	7.56
10	4	M	1076	8.7	8.73	8.14	8.52
10	5	F	1945	12.44	12.25	12.47	12.39
10	6	M	436	8.46	8.17	7.31	7.98
10	7	M	479	8.23	7.92	6.79	7.65
10	8	M	1952	7.32	7.09	6.49	6.97
10	9	F	1793	13.5	12.76	13.08	13.11
10	10	F	763	12.68	13.18	11.65	12.50
10	11	M	1700	8.02	7.67	7.27	7.65
10	12	M	1102	8.68	8.7	8.08	8.49
11	1	F	766	11.97	11.86	11.17	11.67
11	2	M	878	8.16	7.88	7.78	7.94
11	3	F	440	11.37	11.65	11.14	11.39
11	4	M	993	9.17	8.38	8.57	8.71
11	5	F	712	13.11	12.84	13.3	13.08
11	6	M	1066	8.72	8.85	8.23	8.60
11	7	M	995	7.36	7.02	7.04	7.14
11	8	M	1890	7.63	7.28	7.12	7.34
11	9	F	1891	13.73	13.52	13.21	13.49
11	10	M	1146	7.23	8.07	7.77	7.69
11	11	F	1907	10.5	11.07	11.06	10.88
11	12	F	974	11.94	11.3	11.12	11.45
12	1	F	927	13.07	12.45	12.32	12.61
12	2	M	972	8.57	7.82	7.68	8.02
12	3	M	743	7.65	7.58	7.02	7.42
12	4	F	1026	12.8	12.2	11.67	12.22
12	5	F	764	13.55	11.93	12.38	12.62
12	6	F	667	14.66	13.16	13.28	13.70
12	7	M	1356	7.45	7.02	6.99	7.15
12	8	M	1953	7.15	7.65	7.61	7.47
12	9	F	975	11.43	10.8	10.87	11.03
12	10	F	1382	12.6	11.43	11.94	11.99
12	11	F	1958	13.86	14.43	13.29	13.86
12	12	M	741	7.52	8.2	7.04	7.59
13	1	F	973	12.86	11.71	11.55	12.04
13	2	F	1892	13.56	13.22	14.1	13.63
13	3	F	545	12.49	12.69	10.85	12.01
13	4	M	1896	7.14	7.17	6.7	7.00
13	5	F	1661	12.24	12	11.48	11.91
13	6	M	670	8.8	7.92	8.23	8.32
13	7	M	669	8.13	7.8	7.8	7.91
13	8	M	971	7.87	7.82	7.82	7.84
13	9	M	928	8.14	7.82	7.79	7.92
13	10	F	1085	12.13	12.9	12.01	12.35
13	12	M	668	7.8	7.37	7.74	7.64
14	1	F	748	10.2	8.88	9.42	9.50
14	2	M	206	7.44	7.07	6.75	7.09
14	3	F	1884	12.19	12.49	12.14	12.27
14	4	F	1885	11.21	11.07	11.15	11.14
14	5	M	437	7.37	7.66	7.84	7.62
14	6	M	217	7.27	7.55	7.08	7.30
14	7	F	304	12.35	12.91	11.37	12.21
14	8	F	1901	12.34	11.58	11.21	11.71
14	9	M	1909	7.95	8.65	7.71	8.10
14	10	F	1910	11.2	12.34	12.21	11.92
14	11	M	428	9.27	8.08	7.9	8.42
14	12	M	1253	8.95	7.39	7.89	8.08
15	1	M	1900	8.31	7.47	7.31	7.70
15	2	F	137	10.1	10.33	11.07	10.50
15	3	F	1903	11.36	11.71	9.6	10.89
15	4	M	205	8.43	8.57	8.42	8.47
15	5	F	480	11.12	11.74	12.4	11.75
15	6	F	871	11.73	11.39	11.09	11.40
15	7	F	360	11.84	11.32	11.36	11.51
15	8	F	1887	11.99	11.31	11.52	11.61
15	9	F	364	11.14	10.66	10.75	10.85
15	10	F	134	10.85	10.15	11.32	10.77
15	11	F	1826	10.88	11.25	11.15	11.09
15	12	F	827	13.96	12.47	11.99	12.81
16	1	F	200	11.01	11.99	10.94	11.31
16	2	M	721	11.45	11.9	10.43	11.26
16	3	F	147	11.87	13.14	11.59	12.20
16	4	F	201	13.84	13.16	13.69	13.56
16	5	F	1882	14.5	12.67	14.56	13.91
16	6	F	720	12.85	12.8	11.46	12.37
16	7	M	603	9.27	9.93	10.07	9.76
16	8	M	1883	8.6	8.99	8.56	8.72
16	9	F	944	14.19	13.58	13.07	13.61
16	10	M	269	9.79	9.46	8.33	9.19
16	12	F	921	12.08	10.97	11.16	11.40
17	1	F	908	10.84	12.27	11.68	11.60
17	2	F	1437	12.46	11.99	11.69	12.05
17	3	F	1103	13.51	12.33	12.61	12.82
17	4	M	1932	8.05	8	7.72	7.92
17	5	M	1950	7.03	7.8	7.76	7.53
17	6	M	1951	7.26	7.65	7.88	7.60
17	7	M	1402	8.99	8.14	8.53	8.55
17	8	M	557	8.83	8.47	7.95	8.42
17	9	M	1967	8.91	7.72	8.14	8.26
17	10	F	529	13.76	12.41	12.25	12.81
17	11	F	442	13.32	13.32	14.25	13.63
17	12	F	1974	12.49	11.54	11.81	11.95
18	1	F	1886	12.8	12.59	12.15	12.51
18	2	F	1893	13.71	14.05	12.98	13.58
18	3	F	1557	13.97	14.2	13.07	13.75
18	4	F	1914	13.21	12.17	12.2	12.53
18	5	F	1898	11.48	11.83	11.54	11.62
18	6	F	393	12.96	13.21	13.02	13.06
18	7	F	1930	12.59	12.21	12.13	12.31
18	8	F	1821	12.96	11.41	11.89	12.09
18	9	M	822	9.91	9.31	9.11	9.44
18	10	M	474	9.38	8.83	8.93	9.05
18	11	M	1943	6.98	7.13	7.52	7.21
18	12	F	1840	12.34	10.56	11.89	11.60
19	1	F	872	13.23	12.04	12.22	12.50
19	2	F	522	13.89	13.32	12.76	13.32
19	3	F	363	12.21	11.94	12.91	12.35
19	4	F	1894	12.59	12.04	11.22	11.95
19	5	M	1796	9.64	9.84	10.03	9.84
19	6	M	1897	7.63	7.63	6.13	7.13
19	7	F	1516	11.8	11.37	11.16	11.44
19	8	F	976	14.9	14.27	13.71	14.29
19	9	F	243	12.49	12.09	12.65	12.41
19	10	F	1870	13.1	13.38	13.21	13.23
19	11	F	1936	12.25	11.61	12.08	11.98
19	12	M	1881	9.53	9.82	9.92	9.76
20	1	F	1277	13.11	13.08	12.14	12.78
20	2	M	828	10.31	10.45	9.99	10.25
20	3	M	1630	10.13	9.95	9.38	9.82
20	4	F	1663	12.8	11.19	11.39	11.79
20	5	F	1192	11.99	10.96	10.88	11.28
20	6	M	1935	8.72	7.74	8.56	8.34
20	7	F	1947	10.07	9.66	9.54	9.76
20	8	M	1467	9.05	8.41	9.39	8.95
20	9	M	1834	9.12	9.05	8.14	8.77
20	10	F	438	13.16	12.34	11.82	12.44
20	11	M	1000	10.94	9.96	10.26	10.39
20	12	F	1949	13.01	10.76	10.47	11.41
21	1	F	1832	11.87	11.55	10.23	11.22
21	2	F	666	14.82	13.71	13.19	13.91
21	3	M	1147	9.61	8.95	9.01	9.19
21	4	M	879	9.74	8.98	8.91	9.21
21	5	F	554	13.99	13.32	12.77	13.36
21	6	M	1919	10.04	9.24	9.38	9.55
21	7	F	986	14.68	15.33	14.58	14.86
21	8	F	765	12.8	13.27	13.11	13.06
21	9	M	553	10.12	9.97	9.34	9.81
21	10	M	1926	10.52	10.67	10.25	10.48
21	11	F	1948	13.52	12.46	12.1	12.69
21	12	F	1318	13.81	13.34	13.04	13.40
22	1	F	1905	11.65	10.9	9.66	10.74
22	2	F	1612	12	11.19	12.44	11.88
22	3	M	982	8.27	7.95	7.71	7.98
22	4	M	1927	7.92	7.41	7.72	7.68
22	5	M	873	8.72	8.11	8.27	8.37
22	6	F	1142	13.12	12.18	13.01	12.77
22	7	M	1942	6.39	6.67	6.28	6.45
22	8	F	1946	13.86	13.43	13.09	13.46
22	9	F	1969	12.44	12.91	12.96	12.77
22	10	M	1602	7.86	8.15	7.44	7.82
22	11	F	654	12.81	12.5	11.86	12.39
22	12	M	829	8	8.08	8.08	8.05
23	1	M	555	7.14	7.1	7.12	7.12
23	2	F	523	11.91	9.98	11.55	11.15
23	3	F	1965	13.65	12.09	12.6	12.78
23	4	M	207	7.03	6.53	6.77	6.78
23	5	F	566	12.32	11.78	11.06	11.72
23	6	F	435	13.57	11.86	12.25	12.56
23	7	M	1080	8.8	8.44	8.65	8.63
23	8	F	136	10.67	11.7	10.13	10.83
23	9	F	767	12.46	11.77	10.53	11.59
23	10	M	430	7.36	7.37	7.82	7.52
23	11	F	1916	12.37	12.68	12.27	12.44
23	12	F	432	8.96	10.81	10.48	10.08
24	1	M	758	7.52	7.11	8	7.54
24	2	M	977	8.57	8	8.1	8.22
24	3	M	830	7.28	6.76	7.47	7.17
24	4	M	1332	7.09	7.18	6.45	6.91
24	5	F	759	13.25	12.7	11.84	12.60
24	6	F	1143	12.8	11.62	12.13	12.18
24	7	F	1104	13.23	12.47	12.17	12.62
24	8	F	1079	12.82	12.47	11.77	12.35
24	9	F	1449	11.91	12.46	12.39	12.25
24	10	F	834	12.28	13.13	12.94	12.78
24	11	F	875	12.3	12.26	11.88	12.15
24	12	F	439	11.77	11.14	10.63	11.18
25	1	M	278	7.71	7.6	7.6	7.64
25	2	M	1055	7.73	7.38	7.19	7.43
25	3	F	591	14.04	12.19	12.28	12.84
25	4	M	633	7.19	7.04	7.21	7.15
25	5	M	123	7.72	7.72	8.63	8.02
25	6	M	453	8.48	7.22	7.45	7.72
25	7	M	277	8.26	7.98	8.17	8.14
25	8	M	254	7.55	7.68	7.38	7.54
25	9	M	311	8.17	7.34	7.66	7.72
25	10	F	328	14.89	13.08	12.95	13.64
25	11	F	1925	12.68	12.34	11.39	12.14
25	12	M	1904	7.8	8.21	8.12	8.04
26	1	M	662	9.72	9.08	8.91	9.24
26	2	M	490	10.46	9.87	9.18	9.84
26	3	M	113	8.39	7.02	7.53	7.65
26	4	F	757	13.66	12.91	11.94	12.84
26	5	F	524	12.05	11.29	11.66	11.67
26	6	F	104	11.82	12.43	14.28	12.84
26	7	F	180	12.37	13.23	11.93	12.51
26	8	F	290	11.9	11.55	12.14	11.86
26	9	F	1727	13.36	13.11	13.1	13.19
26	10	F	874	11.18	11.66	11.41	11.42
26	11	F	213	12.95	12.04	12.71	12.57
26	12	M	481	9.91	9.14	9.81	9.62
27	1	F	127	11.31	11.87	11.33	11.50
27	2	M	231	10.47	9.94	10.02	10.14
27	3	F	126	12.68	13.2	11.51	12.46
27	4	F	286	12.25	12.3	11.88	12.14
27	5	F	1486	12.17	11.04	12.17	11.79
27	6	F	408	13.46	14.73	13.36	13.85
27	7	F	380	11.95	11.95	11.66	11.85
27	8	M	628	9.69	9.52	9.17	9.46
27	9	F	539	12.63	13.15	12.02	12.60
27	10	F	157	10.7	12.15	11.18	11.34
27	11	M	215	8.78	8.41	9.27	8.82
27	12	F	391	13.64	11.83	12.11	12.53
28	1	F	302	10.22	10.75	9.64	10.20
28	2	M	1567	9.95	10.58	9.27	9.93
28	3	F	1582	12.33	12.12	12.43	12.29
28	4	F	114	11.06	11.54	11.18	11.26
28	5	M	1230	10.48	10.64	9.61	10.24
28	6	F	1481	12.08	12.29	13.36	12.58
28	7	M	661	9.42	9.75	8.54	9.24
28	8	F	150	12.9	12.15	10.97	12.01
28	9	M	108	7.08	6.93	7.02	7.01
28	10	F	101	11.53	12.65	12.12	12.10
28	11	M	1484	10.56	10.63	10.64	10.61
28	12	M	291	10.41	10.24	10.65	10.43
29	1	M	1475	9.04	10.12	9.49	9.55
29	2	M	171	9.43	9.25	9	9.23
29	3	M	1064	10.79	9.86	10.18	10.28
29	4	F	727	12.95	12.69	12.62	12.75
29	5	M	1574	9.36	9.18	8.82	9.12
29	6	F	1508	13.6	13.34	10.91	12.62
29	7	F	705	12.52	11.45	10.72	11.56
29	8	F	1590	12.17	13.08	13.17	12.81
29	9	F	1822	13.76	11.91	12.22	12.63
29	10	F	1626	12.22	12.46	12.55	12.41
29	11	F	1718	13.95	13.25	12.88	13.36
29	12	F	1861	14.37	13.9	13.47	13.91
30	1	F	1637	13.46	13.47	13.9	13.61
30	2	F	1502	13.55	14.62	13.69	13.95
30	3	F	1499	12.58	12.62	11.78	12.33
30	4	M	1518	10.55	10.25	10.2	10.33
30	5	F	1406	13.44	13.97	13.36	13.59
30	6	F	475	13.35	13.47	12.57	13.13
30	7	F	1478	13.53	14.05	13.28	13.62
30	8	F	396	13.31	12.84	14.23	13.46
30	9	F	945	13.06	12.79	13.08	12.98
30	10	F	1187	14.26	14.1	12.35	13.57
30	11	M	321	9.46	9.55	10.03	9.68
30	12	M	551	10.12	10.08	9.59	9.93
31	1	F	116	14.43	14.08	12.47	13.66
31	2	M	434	10.72	10.1	10.91	10.58
31	3	F	1498	16.05	15.46	15.22	15.58
31	4	M	117	8.41	6.77	7.72	7.63
31	5	M	1374	10.56	9.93	9.64	10.04
31	6	F	831	11.58	12.16	11.75	11.83
31	7	M	208	9.65	9.73	9.94	9.77
31	8	M	174	11.49	10.05	10.47	10.67
31	9	F	876	12.8	12.68	12.58	12.69
31	10	F	525	13.23	13.27	12.53	13.01
31	11	M	760	10.67	9.78	9.69	10.05
31	12	F	1144	13.33	12.48	11.92	12.58
32	1	M	214	9.91	9.15	8.77	9.28
32	2	M	672	9.96	8.87	9.09	9.31
32	3	F	1105	14.83	13.92	12.95	13.90
32	4	M	753	10.71	10.79	10.17	10.56
32	5	F	1078	12.18	11.8	12.1	12.03
32	6	F	1165	14.29	13.75	13.4	13.81
32	7	M	833	10.33	9.8	9.36	9.83
32	8	F	1403	13.55	12.62	12	12.72
32	9	M	776	10.51	10.06	9.66	10.08
32	10	F	650	12.9	13.97	12.61	13.16
32	11	M	978	10	9.83	9.76	9.86
32	12	F	1397	14.15	12.56	13.52	13.41
33	1	M	298	11.42	10.77	10.86	11.02
33	2	F	297	13.32	13.2	12.81	13.11
33	3	M	433	9.15	8.61	8.64	8.80
33	4	M	657	10.25	9.66	9.61	9.84
33	5	F	175	12.37	10.72	10.1	11.06
33	6	F	980	14.64	14.01	14.1	14.25
33	7	M	366	9.84	10.14	10.16	10.05
33	8	F	482	15.09	14.11	15.1	14.77
33	9	M	362	10.31	9.71	8.9	9.64
33	10	F	176	13.1	11.79	12.94	12.61
33	11	M	981	10.78	10.54	10.07	10.46
33	12	F	1077	14.88	14.58	13.94	14.47
34	1	M	293	8.61	8.41	8.26	8.43
34	2	F	556	11.37	11.49	9.92	10.93
34	3	M	135	8.09	7.43	7.05	7.52
34	4	F	295	12.87	13.2	11.77	12.61
34	5	F	118	10.19	10.54	10.78	10.50
34	6	M	244	8.1	8.3	8.3	8.23
34	7	F	210	13.17	12.08	12.67	12.64
34	8	F	294	12.17	12.17	12.54	12.29
34	9	F	1583	12.38	11.85	12.12	12.12
34	10	M	292	7.97	8.02	7.78	7.92
34	11	M	209	6.83	7.43	7.2	7.15
34	12	M	1216	9.47	9.68	9.46	9.54
35	1	M	154	6.67	7.75	7.03	7.15
35	2	F	922	10.92	11.66	12.2	11.59
35	3	M	998	7.95	7.85	8.04	7.95
35	4	M	153	7.23	7.19	7.49	7.30
35	5	F	775	12.2	11.66	11.6	11.82
35	6	M	1576	9.13	8.83	8.99	8.98
35	7	M	1525	8.55	8.57	8.66	8.59
35	8	F	365	11.2	10.66	10.76	10.87
35	9	M	1425	8.3	8.49	8.58	8.46
35	10	M	444	7.71	7.29	7.41	7.47
35	11	F	581	13.09	12.5	11.72	12.44
35	12	F	115	13.4	13.08	14.7	13.73
36	1	F	372	11.81	12.55	12.59	12.32
36	2	F	565	12.92	12.95	11.68	12.52
36	3	M	138	8.21	7.75	7.25	7.74
36	4	F	303	12.3	11.09	11.7	11.70
36	5	F	1426	14.27	12.53	12.72	13.17
36	6	M	997	8.23	8.19	8.11	8.18
36	7	M	152	6.24	7.15	6.07	6.49
36	8	F	155	12.64	12.59	11.8	12.34
36	9	M	182	4.63	6.85	6.69	6.06
36	10	M	247	7.48	7.18	7.55	7.40
36	11	M	111	7.82	7.83	7.45	7.70
36	12	M	212	6.86	7.16	7.16	7.06
37	1	F	120	9.67	10.5	12.08	10.75
37	2	F	121	11.69	11.8	10.89	11.46
37	3	M	149	9.57	8.82	8.79	9.06
37	4	F	125	9.65	9.52	10.05	9.74
37	5	M	714	8.5	9.14	8.71	8.78
37	6	M	148	7.65	6.87	7.41	7.31
37	7	F	103	11.76	11.48	10.72	11.32
37	8	F	181	12.03	11.56	10.88	11.49
37	9	F	107	11.14	11.28	10.61	11.01
37	10	M	102	5.99	6.55	6.58	6.37
37	11	F	100	13.03	11.54	10.08	11.55
37	12	M	109	6.81	6.72	6.49	6.67
38	1	M	1387	11.32	10.62	10.26	10.73
38	2	M	1288	8.73	8.08	9.18	8.66
38	3	F	327	11.44	11.78	11.56	11.59
38	4	F	1917	11.5	11.52	11.86	11.63
38	5	F	322	13.24	11.95	11.55	12.25
38	6	M	1918	9.09	9.12	8.92	9.04
38	7	F	195	11.57	11.42	10.56	11.18
38	8	M	614	9.64	9.29	8.22	9.05
38	9	F	1888	12.47	12.48	12.45	12.47
38	10	F	233	14.68	13.11	12.97	13.59
38	11	F	1287	13.61	12.88	12.92	13.14
38	12	M	268	8.61	8.78	9.38	8.92
39	1	M	816	8.4	8.73	8.05	8.39
39	2	F	133	12.32	11.32	11.16	11.60
39	3	M	202	6.66	7.19	7.3	7.05
39	4	M	232	8.23	8.49	7.7	8.14
39	5	F	130	11.54	12.63	11.94	12.04
39	6	M	355	7.56	7.07	7.56	7.40
39	7	F	1411	13.13	13.21	12.7	13.01
39	8	F	145	11.39	11.56	11.98	11.64
39	9	M	183	9.19	7.8	9.1	8.70
39	10	F	131	11.67	11.39	10.63	11.23
39	11	M	172	7.73	6.42	6.35	6.83
39	12	F	204	11.75	12.63	11.37	11.92
40	1	F	996	13.2	12.18	11.87	12.42
40	2	F	105	15.22	12.59	11.95	13.25
40	3	F	164	10.56	10.75	11.53	10.95
40	4	M	239	9.13	8.94	8.51	8.86
40	5	F	353	12.03	11.95	11.76	11.91
40	6	F	112	11.97	12.75	10.82	11.85
40	7	M	122	5.86	7.06	7.27	6.73
40	8	M	937	10.09	10.09	9.79	9.99
40	9	F	203	12.63	12.61	11.48	12.24
40	10	F	106	10.09	12.47	12.34	11.63
40	11	M	132	9.56	10.07	9.91	9.85
40	12	F	128	12.43	11.58	10.86	11.62
41	1	M	516	9.47	8.47	8.07	8.67
41	2	M	594	9.16	8.73	8.43	8.77
41	3	M	713	9.91	9.32	9.49	9.57
41	4	F	354	11.85	11.95	11.69	11.83
41	5	M	595	9.07	8.75	8.71	8.84
41	6	F	445	14.41	13.86	12.85	13.71
41	7	M	772	10.12	9.83	9.82	9.92
41	8	F	211	12.01	11.34	10.86	11.40
41	9	F	1223	12.54	12.24	11.99	12.26
41	10	F	371	13.68	12.83	13.04	13.18
41	11	M	1193	8.62	8.12	8.17	8.30
41	12	F	726	13.19	12.65	12.29	12.71
42	1	M	1159	10.12	9.2	9.09	9.47
42	2	M	488	9.96	10.11	9.95	10.01
42	3	M	715	9.26	9.26	9.51	9.34
42	4	F	323	13.37	12.33	11.8	12.50
42	5	F	487	12.46	12.39	11.27	12.04
42	6	F	246	11.45	10.96	10.94	11.12
42	7	F	755	13.17	12.89	12.56	12.87
42	8	M	173	8.37	8.48	9.56	8.80
42	9	M	597	11.39	10.65	10.51	10.85
42	10	F	817	12.8	11.16	11.36	11.77
42	11	F	773	12.61	13.04	12.92	12.86
42	12	F	652	16.04	15.75	14.43	15.41
43	1	F	1027	13.18	12.87	12.65	12.90
43	2	F	379	11.78	12.15	11.25	11.73
43	3	M	929	10.18	9.59	9.67	9.81
43	4	F	582	14.18	13.52	12.7	13.47
43	5	M	679	12.35	10.35	10.93	11.21
43	6	F	680	10.7	10.51	10.67	10.63
43	7	M	1087	9.32	9.14	8.24	8.90
43	8	F	583	13.01	11.67	12.08	12.25
43	9	M	535	10.35	9.99	9.58	9.97
43	10	M	422	10.82	10.22	9.85	10.30
43	11	F	308	11.8	13.61	12.69	12.70
43	12	F	309	12.82	12.46	12.81	12.70
44	1	F	1145	14.48	12.91	12.24	13.21
44	2	F	642	14.39	12.21	11.84	12.81
44	3	F	640	15.07	12.84	13.52	13.81
44	4	F	536	14.73	12.54	13.5	13.59
44	5	M	497	11.61	11.28	10.89	11.26
44	6	F	641	12.44	11.84	10.89	11.72
44	7	F	216	13.05	13.64	13.01	13.23
44	8	F	186	14.92	14.49	14.94	14.78
44	9	F	1200	13.65	13.6	12.8	13.35
44	10	F	449	12.68	11.89	12.3	12.29
44	11	M	1120	9.88	9.55	9.44	9.62
44	12	F	1177	14.32	14.27	12.89	13.83
45	1	F	370	14.68	14.45	13.96	14.36
45	2	M	742	12.25	11.52	11.06	11.61
45	3	M	690	10.04	9.75	9.58	9.79
45	4	F	189	13.14	12.36	12.13	12.54
45	5	F	139	13.46	13.61	12.84	13.30
45	6	M	423	11.15	11.03	10.07	10.75
45	7	F	351	14.4	14.46	13.81	14.22
45	8	M	312	10.41	10.87	10.25	10.51
45	9	F	184	12.97	13.26	13.17	13.13
45	10	F	1363	15.49	15.51	16.03	15.68
45	11	F	352	13.67	14.35	13.86	13.96
45	12	F	589	13.72	13.44	13.08	13.41
46	1	M	427	9.35	9.35	9.07	9.26
46	2	F	350	12.68	12.86	12.72	12.75
46	3	F	543	11.31	14.76	13.66	13.24
46	4	F	420	13.22	12.14	11.99	12.45
46	5	M	276	8.27	8.65	8.3	8.41
46	6	F	756	14.32	13.04	12.78	13.38
46	7	F	223	15.95	14.68	15.1	15.24
46	8	M	447	8.63	8.91	8.32	8.62
46	9	M	486	8.61	8.57	7.93	8.37
46	10	M	305	7.77	8.01	7.48	7.75
46	11	F	416	12.76	13.71	12.39	12.95
46	12	M	415	8.33	8.76	8.72	8.60
47	1	M	563	9.42	9.06	9.13	9.20
47	2	M	222	8.68	8.46	8.46	8.53
47	3	M	256	6.8	7.2	6.58	6.86
47	4	F	384	12.82	12.24	11.96	12.34
47	5	M	255	8.27	7.71	8.13	8.04
47	6	M	158	7.35	7	7.51	7.29
47	7	F	1549	14.79	14.1	12.61	13.83
47	8	F	221	11.5	9.96	11.26	10.91
47	9	M	994	10.44	9.15	9.23	9.61
47	10	F	801	11.23	11.04	10.92	11.06
47	11	F	275	13.45	12.91	13.35	13.24
47	12	M	507	8.7	8.23	9.34	8.76
48	1	F	1254	11.92	11.1	10.51	11.18
48	2	F	190	13.55	12.76	12.71	13.01
48	3	F	414	14.15	13.35	13.53	13.68
48	4	F	489	12.99	12.01	11.07	12.02
48	5	M	313	9.02	8.36	7.99	8.46
48	6	F	506	15.07	13.37	14.45	14.30
48	7	M	542	8.56	7.45	8.24	8.08
48	8	F	248	13.75	13.61	13.33	13.56
48	9	M	357	7.33	6.85	6.73	6.97
48	10	F	456	13.11	12.67	12.77	12.85
48	11	F	588	13.13	12.14	13.82	13.03
48	12	F	314	11.74	11.45	11.78	11.66
49	1	M	245	8	7.56	7.65	7.74
49	2	M	421	8.06	7.36	6.93	7.45
49	3	F	289	13.9	11.91	11.85	12.55
49	4	M	429	7.18	7.68	6.9	7.25
49	5	F	124	12.46	14.01	10.55	12.34
49	6	F	653	14.69	13.48	13.28	13.82
49	7	M	651	8.11	7.46	7.83	7.80
49	8	M	356	7.73	8.3	8.52	8.18
49	9	M	485	8.49	8.14	8.14	8.26
49	10	M	284	7.56	6.41	6.52	6.83
49	11	M	446	9.02	8.16	8.33	8.50
49	12	F	285	13.13	13.29	12.24	12.89
50	1	F	1686	12.02	11.44	11.31	11.59
50	2	F	1037	12.68	11.27	11.66	11.87
50	3	M	1954	9.77	9.26	9.26	9.43
50	4	F	261	11.94	11.72	13.62	12.43
50	5	F	732	11.39	11.08	11.19	11.22
50	6	M	1541	8.18	7.75	7.76	7.90
50	7	F	349	13.96	13.07	13.15	13.39
50	8	F	466	14.5	13.59	13.6	13.90
50	9	M	1053	9.41	8.61	8.15	8.72
50	11	F	1862	11.7	10.97	10.8	11.16
50	12	F	1370	14.74	14.73	14.26	14.58
51	1	M	513	9.92	10.61	9.04	9.86
51	2	F	914	14.18	13	13.64	13.61
51	3	F	637	13.68	13.35	13.76	13.60
51	4	M	738	9.74	9.12	8.75	9.20
51	5	F	1534	14.78	14.73	13.27	14.26
51	6	F	333	13.56	13.31	12.63	13.17
51	7	M	691	9.61	9.84	8.61	9.35
51	8	F	621	11.83	11.73	10.78	11.45
51	9	F	638	13.16	13.43	13.52	13.37
51	10	F	686	12.7	12.87	12.41	12.66
51	11	M	1035	9.91	9.64	10.19	9.91
51	12	F	405	11.64	11.72	12.06	11.81
52	1	F	426	13.06	12.07	12.77	12.63
52	2	F	1036	13.58	11.87	13.52	12.99
52	3	M	584	10.26	9.45	9.46	9.72
52	4	M	348	9.89	9.26	9.69	9.61
52	5	F	501	12.07	11.43	11.48	11.66
52	6	M	918	10.27	9.86	10.02	10.05
52	7	F	306	15	13.88	14.64	14.51
52	8	F	185	13	11.04	11.38	11.81
52	9	F	283	13.23	13.82	12.49	13.18
52	10	M	1390	9.82	8.75	8.43	9.00
52	11	F	685	11.78	11.17	10.89	11.28
52	12	M	448	11.92	10.86	10.8	11.19
53	1	F	319	12.98	13.23	13.06	13.09
53	2	F	332	12.32	11.72	11.46	11.83
53	3	F	467	11.32	10.86	11.06	11.08
53	4	F	855	12.1	12.5	12.4	12.33
53	5	F	1589	14.07	14.03	14.17	14.09
53	6	F	272	12.75	12.14	12.47	12.45
53	7	F	387	12.47	11.36	11.97	11.93
53	8	F	193	12.49	12.53	12.89	12.64
53	9	F	260	11.8	11.07	11.72	11.53
53	10	M	959	9.7	9.3	9.49	9.50
53	11	M	259	9.33	8.79	8.35	8.82
53	12	F	331	12.37	12	12.46	12.28
54	1	M	1336	10.03	9.45	9.58	9.69
54	2	F	1418	9.03	9.06	9.07	9.05
54	3	F	1638	13.56	13.9	13.91	13.79
54	4	F	1095	13.09	11.82	12.83	12.58
54	5	F	1439	12.46	12.79	12.83	12.69
54	6	F	1468	14.41	13.45	13.39	13.75
54	7	M	1614	9.64	9.87	9.04	9.52
54	8	M	1203	10.74	10.05	10.07	10.29
54	9	M	1451	10.37	9.13	10.03	9.84
54	10	F	1721	12.28	12.57	12.81	12.55
54	11	M	1357	8.92	9.33	8.9	9.05
54	12	F	1317	11.43	11.19	11.15	11.26
55	1	M	1267	9.26	10.5	9.41	9.72
55	2	F	1366	13.85	13.98	14.78	14.20
55	3	F	1657	13.84	13.6	13.58	13.67
55	4	M	1728	10.32	10.83	10.16	10.44
55	5	F	1677	14.18	13.68	13.86	13.91
55	6	F	1800	13.94	14.29	14.41	14.21
55	7	M	1268	11.23	10.55	10.79	10.86
55	8	M	1161	10.66	10.3	10.02	10.33
55	9	F	1460	15.06	14.68	14.1	14.61
55	10	F	1461	13.42	13.04	13.75	13.40
55	11	F	913	13.65	12.61	12.1	12.79
55	12	M	1251	8.99	8.49	9.02	8.83
56	1	M	1895	8.9	9.16	9	9.02
56	2	M	900	11.75	11.36	10.92	11.34
56	3	F	1480	13.17	11.87	11.31	12.12
56	4	F	618	13.3	12.76	13.58	13.21
56	5	F	912	14.07	13.98	13.28	13.78
56	6	F	1051	13.32	12.49	13.4	13.07
56	7	F	1715	13.98	14.3	15	14.43
56	8	F	793	13.39	14.07	13.57	13.68
56	9	M	620	11.14	10.36	10.13	10.54
56	10	M	1169	9.45	9.25	8.7	9.13
56	11	M	1649	9.55	9.45	9.26	9.42
56	12	F	1132	12.29	11.2	11.66	11.72
57	1	M	1533	10.17	10.09	10.48	10.25
57	2	M	1179	10.59	10.17	9.84	10.20
57	3	F	846	13.35	14.08	14.39	13.94
57	4	F	564	14.72	13.96	12.87	13.85
57	5	F	1432	14.16	14.44	14.62	14.41
57	6	F	1469	14.62	13.18	13.16	13.65
57	7	F	619	12.83	13.59	12.39	12.94
57	8	F	1218	14.54	14.23	13.53	14.10
57	9	F	853	14.53	13.65	13.77	13.98
57	10	F	1794	14.44	13.72	12.55	13.57
57	11	F	1052	14.76	15.01	13.83	14.53
57	12	F	1034	13.64	13.58	14.91	14.04
58	1	M	1500	8.74	8.31	8.02	8.36
58	2	M	1837	8.12	7.67	7.84	7.88
58	3	M	1512	8.6	8.48	8.32	8.47
58	4	F	1660	10.93	10.67	9.4	10.33
58	5	M	970	8.25	8.26	7.77	8.09
58	6	M	1742	8.32	7.78	7.94	8.01
58	7	F	1448	11.56	13.33	12.31	12.40
58	8	M	951	8.25	8.42	8.24	8.30
58	9	F	1570	11.04	10.76	10.86	10.89
58	10	M	1690	8.89	8.11	8.09	8.36
58	11	M	1864	8.7	8.61	7.8	8.37
58	12	M	1691	9.27	8.82	8.54	8.88
59	1	M	952	10.03	9.57	9.78	9.79
59	2	M	1920	8.51	7.45	8.52	8.16
59	3	F	1182	13.48	13.12	12.21	12.94
59	4	F	315	11.08	10.11	10.7	10.63
59	5	F	969	15.45	14.95	13.54	14.65
59	6	M	1058	9.09	8.78	8.78	8.88
59	7	M	950	9.99	9.09	8.93	9.34
59	8	M	861	9.66	9.38	9.09	9.38
59	10	M	1068	8.29	7.44	7.73	7.82
59	11	M	847	9.3	8.42	8.8	8.84
59	12	M	1404	8.98	8.44	8.76	8.73
60	1	F	1598	13.5	11.97	13.1	12.86
60	2	F	1597	12.59	12.35	13.75	12.90
60	3	F	1624	12.36	12.52	13.17	12.68
60	4	M	1676	11.99	10.9	11.91	11.60
60	5	F	1659	14.42	14.2	14	14.21
60	6	M	1041	9.42	8.82	8.87	9.04
60	7	M	1725	8.39	8.68	8.43	8.50
60	8	M	1817	8.79	8.2	8.08	8.36
60	9	F	1509	13.21	12.83	13.06	13.03
60	10	M	1124	8.54	8.76	8.38	8.56
60	11	F	1566	13.51	14	12.6	13.37
60	12	F	1154	12.28	11.72	11.21	11.74
61	1	M	901	8.23	8.09	7.93	8.08
61	2	M	1061	8.14	7.8	7.81	7.92
61	3	M	629	8.46	7.78	7.87	8.04
61	4	M	1328	7.64	7.89	7.24	7.59
61	5	F	1245	12.23	11.82	11.16	11.74
61	6	M	1280	8.24	7.1	7.04	7.46
61	7	F	1123	12.64	12.97	13.07	12.89
61	8	M	1271	8.59	7.83	8.42	8.28
61	9	M	1270	7.66	7.62	7.59	7.62
61	10	F	1039	12.8	12.81	12.23	12.61
61	11	M	1246	8.38	7.52	7.74	7.88
61	12	F	1181	13.59	12.25	11.37	12.40
62	1	M	502	9.27	8.59	8.81	8.89
62	2	M	704	8.9	8.65	8.29	8.61
62	3	M	1928	8.7	8.76	9.11	8.86
62	4	F	687	13.03	13.33	13.13	13.16
62	5	F	1667	14.24	13.19	12.67	13.37
62	6	M	1929	7.27	7.96	7.56	7.60
62	7	F	1204	13.75	13.52	13.4	13.56
62	8	M	339	9.22	8.4	9.86	9.16
62	10	M	1040	9.07	9.08	8.61	8.92
62	11	F	1633	12.45	12.49	12.3	12.41
62	12	M	413	8.7	9.82	9.3	9.27
63	1	F	1860	12.23	12.2	11.78	12.07
63	2	M	627	7.96	7.64	7.54	7.71
63	3	F	458	9.95	9.56	9.77	9.76
63	4	F	585	11.81	11.39	11	11.40
63	5	M	411	8.85	8.56	8.38	8.60
63	6	M	1276	8.61	7.95	7.21	7.92
63	7	M	459	9.24	8.22	8.22	8.56
63	8	F	1476	12.88	12.7	11.87	12.48
63	9	F	1575	13.76	12.09	11.01	12.29
63	10	F	1514	14.55	13.3	12.62	13.49
63	11	M	862	8.27	7.94	8.09	8.10
63	12	F	381	11.61	11.82	10.18	11.20
64	1	F	234	13.3	12.23	11.87	12.47
64	2	M	946	8.56	8.08	7.98	8.21
64	3	F	478	11.95	11.58	11.31	11.61
64	4	M	235	7.39	8.35	8.53	8.09
64	5	M	1101	10.05	9.43	8.69	9.39
64	6	F	1765	13.63	12.24	12.6	12.82
64	7	F	821	13.17	12.24	12.34	12.58
64	8	F	719	12.71	12.1	12.02	12.28
64	9	M	1072	10.27	10.1	9.84	10.07
64	10	F	1069	12.31	11.87	11.51	11.90
64	11	F	1578	14.06	13.18	13.16	13.47
64	12	F	1548	13.98	12.03	11.87	12.63
65	1	M	866	9.12	8.59	8.45	8.72
65	2	F	477	12.73	12.23	12	12.32
65	3	F	262	12.31	13.1	12.17	12.53
65	4	F	165	10.49	10.77	10.59	10.62
65	5	F	598	12.39	12.25	11.77	12.14
65	6	F	717	11.41	11.15	11.56	11.37
65	7	M	716	9.69	8.52	8.78	9.00
65	8	F	167	11.57	11.87	11.99	11.81
65	9	F	1477	12.67	12.15	13.27	12.70
65	10	F	476	12.75	12.55	11.71	12.34
65	11	M	324	9.04	8.56	8.73	8.78
65	12	F	166	10.65	11.97	10.86	11.16
66	1	F	1067	12.12	11.98	11.91	12.00
66	2	F	1828	12.35	11.12	10.7	11.39
66	3	F	1805	10.8	10.55	10.54	10.63
66	4	M	1608	10.05	10.12	9.58	9.92
66	5	M	1492	9.14	9.19	9.17	9.17
66	6	F	1673	12.13	12.11	12.6	12.28
66	7	F	1706	11.5	11.53	10.81	11.28
66	8	F	1381	11.36	11.23	11.52	11.37
66	9	M	1100	7.78	8.22	7.78	7.93
66	10	M	1779	9.15	8.93	8.76	8.95
66	11	M	1558	8.55	8.82	8.23	8.53
66	12	F	1806	12	12.07	12.49	12.19
67	1	M	1803	9.78	8.8	8.84	9.14
67	2	M	1415	9.91	8.71	8.13	8.92
67	3	F	1379	10.88	11.02	11.11	11.00
67	4	F	1722	11.81	11.49	10.82	11.37
67	5	M	1733	8.68	8.76	9.41	8.95
67	6	F	1825	13.15	12.3	12.33	12.59
67	7	F	1647	15.18	14.59	14.38	14.72
67	8	M	1745	9.65	8.93	9.22	9.27
67	9	M	1804	9.64	9.72	8.51	9.29
67	10	F	1852	15.35	15.16	15.49	15.33
67	11	M	865	9.81	9.9	9.64	9.78
67	12	M	1431	9.34	8.78	8.85	8.99
68	1	M	1099	9.3	9.29	9.6	9.40
68	2	F	1560	13.03	12.02	13.97	13.01
68	3	F	1417	10.85	10.39	12.56	11.27
68	4	F	1250	11.7	11.73	11.71	11.71
68	5	M	1444	9.07	9.2	9.33	9.20
68	6	F	1186	13.81	13.88	12.57	13.42
68	7	F	1269	12.47	13.23	12.41	12.70
68	8	M	1065	9.57	8.87	8.71	9.05
68	9	F	919	12.49	13.92	12.26	12.89
68	10	M	1456	7.95	8.98	8.07	8.33
68	11	F	1158	11.32	10.78	11.16	11.09
68	12	M	1629	9.78	9.18	9.41	9.46
69	1	F	1180	14.79	14.12	13.23	14.05
69	2	M	794	9.06	9.2	9.5	9.25
69	3	F	1842	13.53	12.52	12.04	12.70
69	4	F	1368	13.9	13.81	13.07	13.59
69	5	M	1222	9.81	10.21	9.79	9.94
69	6	M	1695	9.21	9.37	8.85	9.14
69	8	F	1849	13.47	12.85	13.12	13.15
69	9	F	1220	15.23	13.73	12.94	13.97
69	10	F	795	13.92	14.54	12.31	13.59
69	11	M	1244	9.67	9.08	8.67	9.14
69	12	M	1038	10.08	9.28	9.5	9.62
70	1	M	1562	7.41	7.84	7.79	7.68
70	2	M	499	8.34	7.94	7.61	7.96
70	3	M	740	7.47	7.59	6.84	7.30
70	4	M	1811	7.91	7.23	7.84	7.66
70	5	F	1701	14.08	14.33	14.42	14.28
70	6	M	1265	7.22	7.26	6.97	7.15
70	7	M	1122	8.17	8.26	8.88	8.44
70	8	F	1436	12.9	11.96	11.61	12.16
70	9	M	898	7.41	7.35	7.06	7.27
70	10	M	1613	8.45	7.98	8.28	8.24
70	11	F	844	12.09	11.85	12.12	12.02
70	12	F	1648	14.62	14.05	13.37	14.01
71	1	M	746	9.05	8.17	7.98	8.40
71	2	M	1176	7.89	8.42	7.79	8.03
71	3	M	676	9.01	8.13	8.26	8.47
71	4	F	419	13.03	12.64	12.75	12.81
71	5	M	681	8.9	9	7.79	8.56
71	6	M	1199	8.02	7.41	7.63	7.69
71	7	F	791	13.88	12.86	12.31	13.02
71	8	F	744	11.53	10.55	11.99	11.36
71	9	M	745	8.85	7.55	7.55	7.98
71	10	M	534	8.64	8.62	8.84	8.70
71	11	M	1127	8.93	7.48	8.04	8.15
71	12	M	1151	9.04	8.18	8.32	8.51
72	1	F	425	14.57	13.3	12.39	13.42
72	2	M	683	7.69	7.29	7.36	7.45
72	3	M	999	7.02	7.36	7.03	7.14
72	4	F	845	12.51	12.34	11.89	12.25
72	5	F	1735	13.64	13.3	12.77	13.24
72	6	M	1178	7.37	7.24	6.93	7.18
72	7	F	1279	14.54	14.21	13.7	14.15
72	8	M	899	7.74	8.18	7.56	7.83
72	9	F	1773	13.07	13.08	13.59	13.25
72	10	M	1243	8.25	7.78	7.52	7.85
72	11	M	1296	7.29	6.9	7.12	7.10
72	12	F	500	15.22	13.35	12.39	13.65
73	1	F	967	13.25	12.35	12.4	12.67
73	2	F	849	12.39	12.31	12.01	12.24
73	3	F	307	9.89	11.22	11.2	10.77
73	4	F	682	12.28	11.37	10.72	11.46
73	5	M	1843	8.54	8.44	7.96	8.31
73	6	M	792	8.35	7.75	7.77	7.96
73	7	M	1032	8.27	8.15	7.58	8.00
73	8	F	1152	11.64	12.71	11.56	11.97
73	9	M	843	6.79	7.21	6.32	6.77
73	10	M	1094	7.87	7.68	7.4	7.65
73	11	M	1835	7.25	6.59	7.03	6.96
73	12	M	1031	7.25	6.65	6.62	6.84
74	1	M	1940	9.34	9.89	9.67	9.63
74	2	F	739	13.97	13.96	14.14	14.02
74	3	F	684	11.52	11.96	11.77	11.75
74	4	F	1194	12.53	13.03	12.94	12.83
74	5	M	616	9.99	9.95	9.43	9.79
74	6	F	1228	11.63	12.07	11.06	11.59
74	7	F	1367	11.48	11.12	10.58	11.06
74	8	F	1944	13.13	13.24	11.99	12.79
74	9	M	1153	9.86	8.71	9.81	9.46
74	10	F	1033	13.13	13.46	12.75	13.11
74	11	M	1957	11.32	11.05	10.57	10.98
75	1	M	424	9.51	10.06	8.51	9.36
75	2	M	737	9.23	9.15	9.53	9.30
75	3	F	496	12.43	12.83	11.54	12.27
75	4	F	1029	12.99	12.72	12.85	12.85
75	5	F	140	10.75	12.34	12.65	11.91
75	6	M	1504	10.24	9.85	9.82	9.97
75	7	F	282	12.53	12.17	10.8	11.83
75	8	F	894	11.98	10.66	10.85	11.16
75	9	F	538	12.96	12.54	12.25	12.58
75	10	M	347	8.07	8.07	8.73	8.29
75	11	M	678	9.08	8.45	8.61	8.71
75	12	M	1874	8.37	8.26	8.41	8.35
76	1	F	797	12.37	11.45	11.77	11.86
76	2	M	382	10.07	10.5	10.39	10.32
76	3	F	587	12.81	12.08	12.58	12.49
76	4	M	1482	8.95	9.02	8.76	8.91
76	5	F	274	10.96	11.01	10.34	10.77
76	6	F	253	11.23	11.26	10.82	11.10
76	7	F	688	11.15	13.25	12.18	12.19
76	8	F	503	12.38	11.77	11.26	11.80
76	10	M	1458	9.59	9.02	9.39	9.33
76	11	F	1272	12.9	12.18	11.92	12.33
76	12	F	252	10.74	10.37	10.74	10.62
77	1	M	902	10.31	9.98	9.57	9.95
77	2	F	504	11.87	11.51	13.27	12.22
77	3	F	191	13.72	13.51	13.6	13.61
77	4	F	110	11.93	12.6	12.5	12.34
77	5	F	1569	13.46	12.56	12.08	12.70
77	6	F	586	13.48	13.1	12.5	13.03
77	7	M	1550	9.91	9.21	9.73	9.62
77	8	M	540	8.74	10.28	9.16	9.39
77	9	F	192	13.94	13.41	12.62	13.32
77	10	F	159	12.58	12.84	12.49	12.64
77	11	F	143	12.98	12.53	10.42	11.98
77	12	F	1544	11.68	11.25	10.65	11.19
78	1	M	1785	9.76	9.65	9.48	9.63
78	2	M	1846	9.56	8.77	9.13	9.15
78	3	F	1672	13.52	12.88	12.91	13.10
78	4	F	1714	12	12.51	11.79	12.10
78	5	F	1808	12.15	12.14	12.49	12.26
78	6	M	1538	9	9.06	8.51	8.86
78	7	M	1042	9.11	8.48	8.58	8.72
78	8	M	1810	8.45	7.84	7.84	8.04
78	9	M	1819	10.43	10.09	9.09	9.87
78	10	M	1830	10.4	10.66	9.12	10.06
78	11	F	1724	13.81	12.82	13.26	13.30
78	12	F	1681	12.95	12.18	12.4	12.51
79	1	F	1435	12.84	12.83	13.37	13.01
79	2	F	1618	12.43	12.39	11.78	12.20
79	3	F	1848	13.29	12.09	12.08	12.49
79	4	F	932	12.23	11.76	12.72	12.24
79	5	F	1818	13.5	12.66	12.67	12.94
79	6	M	1760	9.94	9.85	8.88	9.56
79	7	M	1668	9.92	8.64	9.65	9.40
79	8	M	1783	9.9	9.38	8.89	9.39
79	9	F	631	13.03	11.58	11.08	11.90
79	10	F	1474	13.02	12.86	12.61	12.83
79	11	M	1563	9.44	8.39	10.05	9.29
79	12	F	1665	14.28	12.52	12.57	13.12
80	1	F	934	12.28	11.67	12.31	12.09
80	2	M	796	10.54	10.84	9.92	10.43
80	3	M	1428	10.92	10.1	9.56	10.19
80	4	F	933	12.48	12.51	11.63	12.21
80	5	F	1692	11.28	11.3	10.37	10.98
80	6	F	1584	13.26	13.16	12.62	13.01
80	7	M	1581	9.85	9.9	9.96	9.90
80	8	M	1412	9.65	9.7	9.18	9.51
80	9	M	1427	9.14	9.17	9.41	9.24
80	10	F	1329	12.06	11.41	11.83	11.77
80	11	F	1634	11.54	11.86	11.6	11.67
80	12	M	1831	8.61	8.19	7.99	8.26
81	1	F	1378	13.6	13.07	13.87	13.51
81	2	F	1057	12.79	12.13	13.31	12.74
81	3	F	273	12.51	11.65	11.69	11.95
81	4	F	1726	13.36	14.26	12.96	13.53
81	5	F	1674	13.61	13.18	13.18	13.32
81	6	M	1524	10.97	10.81	9.87	10.55
81	7	M	1313	9.72	9.6	9.23	9.52
81	8	F	1297	13.42	13.39	12.79	13.20
81	9	F	1485	13.74	14.98	14.44	14.39
81	10	F	1298	13.97	13.41	13.68	13.69
81	11	F	1820	12.67	13.22	12.54	12.81
81	12	M	1314	9.47	9.17	9.35	9.33
82	1	F	1798	12.5	12.16	11.71	12.12
82	2	F	1699	13.73	13.26	12.98	13.32
82	3	M	537	9.23	9.16	8.65	9.01
82	4	M	905	9.52	8.63	9.02	9.06
82	5	M	1206	7.85	7.88	7.88	7.87
82	6	F	802	12.48	11.38	12.17	12.01
82	7	M	580	8.88	8.35	8.6	8.61
82	8	M	692	8.78	8.18	8.02	8.33
82	9	F	1299	12	11.03	10.49	11.17
82	10	M	1205	7.81	7.12	7.49	7.47
82	11	M	1698	8.38	8.15	8.22	8.25
82	12	M	634	8.52	7.92	8.33	8.26
83	1	M	1044	7.69	7.52	7.79	7.67
83	2	F	1511	13.85	13.59	12.7	13.38
83	3	F	1155	9.71	10.07	9.64	9.81
83	4	F	1337	11.23	10.92	10.73	10.96
83	5	M	1125	9.01	8.48	9.13	8.87
83	6	M	1529	9.08	8.8	8.92	8.93
83	7	M	541	8.45	8.05	8.1	8.20
83	8	F	903	12.46	12.18	12.8	12.48
83	9	M	799	8.35	8.81	8.81	8.66
83	10	F	457	13.52	13.35	13.26	13.38
83	11	F	1836	12.51	10.48	11.86	11.62
83	12	M	1688	9.1	8.01	8.64	8.58
84	1	M	1704	8.96	8.35	8.88	8.73
84	2	M	1096	8.92	8.57	8.71	8.73
84	3	M	1520	8.49	8.23	8.48	8.40
84	4	F	1535	13.63	11.44	11.79	12.29
84	5	M	1528	8.89	9.21	9.32	9.14
84	6	F	1607	11.76	12.55	11.84	12.05
84	7	F	1707	13.73	12.72	13.07	13.17
84	8	M	1717	9.02	9.47	9.2	9.23
84	9	F	1683	14.3	14.6	14.26	14.39
84	10	F	1795	13.09	13.23	12.69	13.00
84	11	F	1247	12.86	14.07	13.08	13.34
84	12	M	1620	7.27	8.63	8.63	8.18
85	1	F	1056	14.08	13.11	13.05	13.41
85	2	F	1054	12.07	11.44	10.29	11.27
85	3	M	1732	7.81	8.32	7.91	8.01
85	4	M	1316	8.37	7.92	8.18	8.16
85	5	M	1664	8.47	8.23	8.4	8.37
85	6	M	389	8.74	8.63	8.5	8.62
85	7	F	464	13.26	12.23	12.91	12.80
85	8	M	1133	8.4	8.13	7.73	8.09
85	9	M	942	8.31	8.05	8.05	8.14
85	10	F	856	12.92	12.29	12.81	12.67
85	11	M	956	8.61	8.24	8	8.28
85	12	M	1376	8.18	7.79	7.85	7.94
86	1	M	1346	9.12	8.78	8.81	8.90
86	2	M	1306	10.14	8.87	9.74	9.58
86	3	M	1213	9.46	8.98	9.06	9.17
86	4	F	1156	11.68	11.55	11.16	11.46
86	5	F	1138	14.09	12.95	13.46	13.50
86	6	F	1134	10.58	9.69	10.19	10.15
86	7	F	1071	11.5	11.66	11.72	11.63
86	8	M	463	8.62	9.09	8.31	8.67
86	9	M	515	10.72	10.31	9.67	10.23
86	10	M	718	9.22	8.98	8.71	8.97
86	11	M	957	10.11	9.71	9.18	9.67
86	12	M	229	8.95	8.94	8.94	8.94
86	4	F	390	10.99	10.84	10.32	10.72
87	1	F	462	12.02	10.85	10.59	11.15
87	2	M	409	9.92	9.51	9.05	9.49
87	3	M	1568	9.98	9.75	10.09	9.94
87	4	F	1596	10.71	9.57	10.38	10.22
87	5	F	599	13.44	12.42	12.26	12.71
87	6	F	317	12.47	12.77	10.81	12.02
87	7	F	955	11.83	12.04	11.75	11.87
87	8	F	1519	13.51	13.06	12.52	13.03
87	9	M	316	9.56	8.44	8.35	8.78
87	10	F	410	11.64	10.88	10.89	11.14
87	11	F	811	12.69	12.83	11.67	12.40
87	12	F	812	12.39	12.26	12.36	12.34
88	1	M	703	9.97	9.27	9.58	9.61
88	2	F	624	13.44	11.72	11.31	12.16
88	3	F	230	11.73	11.86	10.88	11.49
88	4	F	904	13.89	11.94	12.77	12.87
88	5	M	550	9.79	8.47	8.47	8.91
88	6	M	915	9.48	9.31	8.79	9.19
88	7	F	1430	12.04	11.65	10.86	11.52
88	8	F	336	12.35	11.65	10.85	11.62
88	9	M	730	10.2	9.55	9.68	9.81
88	10	F	1098	12.63	12.4	11.98	12.34
88	11	F	858	12.46	11.79	12.62	12.29
88	12	F	623	12.93	12.32	11.34	12.20
89	1	M	1487	8.14	8.88	8.3	8.44
89	2	F	378	10.57	10.4	10.13	10.37
89	3	F	630	11.88	11.06	12.17	11.70
89	4	M	450	8.87	9.54	8.5	8.97
89	5	M	156	7.62	5.54	8.32	7.16
89	6	M	1030	9.96	9.5	9.39	9.62
89	7	M	1423	10.42	10.06	9.92	10.13
89	8	F	1521	13.19	12.61	12.48	12.76
89	9	F	736	11.59	10.74	10.42	10.92
89	10	F	224	11.78	12.61	12.64	12.34
89	11	F	377	12.6	11.4	11.51	11.84
89	12	F	498	12.39	13.11	13.51	13.00
90	1	M	1354	9.61	9.28	9.08	9.32
90	2	F	1028	12.17	11.34	13.98	12.50
90	3	F	1678	12.75	12.71	13.54	13.00
90	4	M	1394	9.86	9.13	8.72	9.24
90	5	F	841	11.75	11.08	12.57	11.80
90	6	F	1201	12.21	11.99	11.88	12.03
90	7	M	1441	9.16	8.71	8.63	8.83
90	8	F	677	10.4	12.01	10.74	11.05
90	9	M	1410	8.89	7.98	8.29	8.39
90	10	F	1646	11.72	11.82	11.13	11.56
90	11	F	1295	11.05	11	10.99	11.01
90	12	F	1345	12.42	12.21	11.57	12.07
91	1	F	1623	11.61	11.97	11.96	11.85
91	2	F	1611	11.78	11.64	11.05	11.49
91	3	M	1261	10.78	10.02	10.2	10.33
91	4	F	1564	11.72	12.19	12.42	12.11
91	5	F	935	11.76	12.13	11.66	11.85
91	6	F	1365	12.08	12.45	12.42	12.32
91	7	M	1262	10.25	10.04	9.53	9.94
91	8	F	1473	12.48	12.05	12.42	12.32
91	9	M	1573	10.66	10.56	10.3	10.51
91	10	F	1712	12.02	12.8	13.16	12.66
91	11	M	1393	9.58	8.68	9.36	9.21
91	12	M	1452	9.75	9.81	10.17	9.91
92	1	F	1572	12.17	12.32	11.67	12.05
92	2	F	1465	12.39	12.59	12.7	12.56
92	3	M	1593	9.28	9.45	9.09	9.27
92	4	M	1386	9.73	9.11	9.49	9.44
92	5	F	1497	13.85	12.38	11.62	12.62
92	6	F	1255	14.23	14.06	13.57	13.95
92	7	M	1565	10.37	9.93	10	10.10
92	8	M	1643	10.48	11.28	11.09	10.95
92	9	M	1658	10.3	10.3	9.92	10.17
92	10	F	1600	13.44	12.83	13.18	13.15
92	11	F	1311	12.89	12.68	11.71	12.43
92	12	F	1421	12.38	11.86	12.41	12.22
93	1	M	930	10.63	9.72	9.95	10.10
93	2	F	1263	13.79	13.52	14.32	13.88
93	3	M	1202	9.91	9.47	8.98	9.45
93	4	F	1294	12.5	11.7	11.25	11.82
93	5	F	1264	14.55	14.02	12.51	13.69
93	6	F	1121	13.8	13.66	13.25	13.57
93	7	F	1327	13.65	13.24	12.7	13.20
93	8	F	1453	13.1	13.73	14.18	13.67
93	9	M	896	11.1	10.64	10.06	10.60
93	10	M	931	10.96	10.79	9.57	10.44
93	11	F	1312	13.73	12.99	15.01	13.91
93	12	F	1093	12.15	11.92	11.54	11.87
94	1	M	1464	8.5	9.09	8.57	8.72
94	2	M	842	8.61	8.56	8.1	8.42
94	3	M	1711	7.99	7.99	7.29	7.76
94	4	M	1615	8.43	7.64	7.48	7.85
94	5	F	1450	14.4	14.19	15.21	14.60
94	6	F	1656	12.51	12.02	12.08	12.20
94	7	F	897	10.58	10.76	9.85	10.40
94	8	F	1530	12.85	11.49	11.45	11.93
94	9	F	968	11.1	10.67	10.54	10.77
94	10	M	1385	8.7	8.73	7.34	8.26
94	11	M	1496	8.01	8.05	7.91	7.99
94	12	F	1350	12.69	11.26	11.5	11.82
95	1	M	610	9.7	9.45	8.5	9.22
95	2	F	612	12.22	11.97	11.82	12.00
95	3	M	611	9.41	8.86	8.83	9.03
95	4	M	1383	9.5	9.36	9.41	9.42
95	5	F	1140	14.34	13.22	14.27	13.94
95	6	M	939	8.67	8.13	8.47	8.42
95	7	M	1282	9.22	8.78	8.49	8.83
95	8	F	823	10.44	9.91	10.18	10.18
95	9	M	724	8.48	8.43	8.19	8.37
95	10	M	709	8.67	9.24	9.24	9.05
95	11	M	242	8.75	7.97	8.5	8.41
95	12	F	854	11.55	10.45	10.11	10.70
96	1	M	1018	8.11	8.16	7.98	8.08
96	2	F	889	12.93	12.48	12.88	12.76
96	3	F	908	12.72	12.17	12.02	12.30
96	4	M	1019	8.98	8.48	8.64	8.70
96	5	F	751	12.59	12.46	12.12	12.39
96	6	F	1353	12.49	12.12	11.93	12.18
96	7	F	836	13.52	12.88	12.33	12.91
96	8	F	1281	13.2	10.93	11.19	11.77
96	9	F	1211	12.08	10.9	11.66	11.55
96	10	M	963	8.51	8.49	8.22	8.41
96	11	F	1338	12.48	11.85	11.45	11.93
96	12	F	1020	13.28	13.17	12.12	12.86
97	1	M	1139	9.56	8.44	8.62	8.87
97	2	F	604	13.32	12.33	12.69	12.78
97	3	F	1188	12.23	11.68	12.25	12.05
97	4	F	941	12.33	12.93	11.61	12.29
97	5	F	608	13.61	12.49	11.34	12.48
97	6	M	386	7.32	6.99	7.25	7.19
97	7	F	825	12.92	11.91	11.33	12.05
97	8	M	824	9.3	8.48	8.25	8.68
97	9	F	607	12.6	11.8	12.33	12.24
97	10	M	401	9.32	8.48	8.25	8.68
97	11	F	867	12.47	11.71	11.73	11.97
97	12	M	402	8.51	8.14	7.86	8.17
98	1	M	909	7.58	7.56	5.45	6.86
98	2	M	452	8.99	8.2	7.27	8.15
98	3	F	750	11.75	10.5	10.62	10.96
98	4	F	344	11.27	10.78	10.87	10.97
98	5	F	188	10.91	10.31	10.62	10.61
98	6	F	141	9.85	9.61	10.64	10.03
98	7	F	343	14.12	12.81	12.14	13.02
98	8	M	187	6.84	6.09	6.81	6.58
98	9	M	1021	7.68	7.55	7.41	7.55
98	10	F	219	11.19	10.06	9.31	10.19
98	11	F	220	10.87	10.21	9.58	10.22
98	12	M	310	7.94	7.19	7.18	7.44
99	1	F	341	9.47	9.61	10.77	9.95
99	2	M	509	7.69	7.19	6.81	7.23
99	3	M	280	6.47	6.05	6.45	6.32
99	4	F	342	10.82	9.69	9.08	9.86
99	5	F	510	10.38	10.86	9.75	10.33
99	6	F	162	12.18	11.66	11.87	11.90
99	7	F	163	10.32	9.31	10.51	10.05
99	8	F	226	12.3	10.14	11.49	11.31
99	9	M	385	7.37	7.74	6.38	7.16
99	10	F	258	11.34	10.57	10.17	10.69
99	11	F	225	10.89	8.94	9.39	9.74
99	12	F	279	11.74	10.21	8.6	10.18
100	1	F	237	12.93	12.28	11.93	12.38
100	2	M	605	7.4	7.07	6.51	6.99
100	3	M	236	7.82	7.66	7.88	7.79
100	4	M	1539	7.37	6.8	7.15	7.11
100	5	M	711	6.85	7.3	7.03	7.06
100	6	F	146	11.02	10.82	11.21	11.02
100	7	F	399	10.45	9.94	10.26	10.22
100	8	M	395	7.72	7.46	7.04	7.41
100	9	F	473	9.19	10.69	11.97	10.62
100	10	F	170	10.62	10.14	10.64	10.47
100	11	F	1400	11.23	10.83	10.19	10.75
100	12	F	1545	13.79	13.33	13.22	13.45
101	1	F	168	9.86	9.99	10.41	10.09
101	2	F	129	8.15	10.5	10.41	9.69
101	3	F	1479	13.14	12.62	12.52	12.76
101	4	F	270	13	12.48	12.57	12.68
101	5	M	199	7.56	6.81	6.94	7.10
101	6	F	265	11.35	12.32	12.25	11.97
101	7	M	394	7.67	7.02	7.1	7.26
101	8	F	263	12.06	11.73	12.03	11.94
101	9	F	326	11.74	11.57	11.4	11.57
101	10	F	398	11.51	10.82	10.43	10.92
101	11	F	169	11.18	11.63	9.94	10.92
101	12	M	264	6.32	6.52	6.78	6.54
102	1	F	1384	10.27	11.04	10.38	10.56
102	2	F	494	10.78	11.68	11.21	11.22
102	3	M	1388	6.32	6.22	6.32	6.29
102	4	F	577	9.96	9.48	9.23	9.56
102	5	F	218	12.08	10.55	10.72	11.12
102	6	F	281	11	10.41	11.17	10.86
102	7	F	1022	11.21	11.27	10.82	11.10
102	8	F	576	10.04	10.9	9.74	10.23
102	9	F	1344	12.87	12.34	12.81	12.67
102	10	F	1369	10.03	8.38	9.28	9.23
102	11	M	647	7.05	7.22	6.94	7.07
102	12	F	1679	14	13.38	13.09	13.49
103	1	F	1723	13.44	12.35	12.43	12.74
103	2	F	508	11.38	10.97	11	11.12
103	3	M	1326	7.92	7.56	7.18	7.55
103	4	M	1815	8.85	7.39	7.96	8.07
103	5	F	798	11.53	10.09	10.26	10.63
103	6	M	505	8.45	8.15	7.83	8.14
103	7	F	848	11.34	11.04	11.05	11.14
103	8	M	1126	8.48	8.29	8.07	8.28
103	9	M	1734	9.23	8.18	8.27	8.56
103	10	M	1045	7.31	7.07	6.96	7.11
103	11	F	590	11.65	11.21	11.18	11.35
103	12	M	735	7.55	8.04	7.67	7.75
104	1	F	1639	12.13	11.87	11.43	11.81
104	2	F	890	11.79	10.71	12.07	11.52
104	3	M	1670	8.61	8.49	8.18	8.43
104	4	F	345	11.34	11.28	10.84	11.15
104	5	F	1023	11.97	11.9	11.62	11.83
104	6	F	747	13.55	12.63	12.57	12.92
104	7	M	1198	8	7.63	7.23	7.62
104	8	M	1241	7.78	8.13	8.08	8.00
104	9	F	749	12.43	11.49	11.38	11.77
104	10	F	648	10.68	10.79	10.25	10.57
104	11	F	1273	11.4	9.45	9.88	10.24
104	12	M	1780	7.46	7.64	7.19	7.43
105	1	F	1293	8.78	9.54	8.41	8.91
105	2	F	1391	10.75	10.55	10.4	10.57
105	3	F	1162	12.48	11.25	10.67	11.47
105	4	M	451	8.38	7.26	7.05	7.56
105	5	M	1753	7.88	7.36	8.07	7.77
105	6	M	1248	7.04	6.57	6.1	6.57
105	7	M	1716	8.29	7.79	8.44	8.17
105	8	M	1091	8.58	7.89	7.4	7.96
105	9	F	1024	11.02	10.65	10.33	10.67
105	10	M	1175	8.48	7.43	7.11	7.67
105	11	M	1292	7.49	7.28	7.11	7.29
105	12	M	1049	7.85	7.25	7.23	7.44
106	1	F	1855	10.79	10.49	10.78	10.69
106	2	F	646	13.89	13.1	12.13	13.04
106	3	F	891	11.64	10.82	11.41	11.29
106	4	M	786	8.38	8.13	8.47	8.33
106	5	F	838	11.56	11.63	11.74	11.64
106	6	F	532	10.9	10.16	9.63	10.23
106	7	F	376	11.83	10.97	10.71	11.17
106	8	M	579	8.49	8.95	8.34	8.59
106	9	M	837	8.65	8.84	8.45	8.65
106	10	F	578	11.25	11.77	11.37	11.46
106	11	F	1913	12.13	12.68	12.71	12.51
106	12	F	806	11.58	10.64	10.83	11.02
107	1	M	803	6.77	6.46	6.46	6.56
107	2	F	1046	13.71	12.03	12.38	12.71
107	3	M	787	6.46	6.74	6.82	6.67
107	4	M	788	7.62	7.78	7.43	7.61
107	5	F	839	11.35	10.75	10.49	10.86
107	6	M	789	6.77	6.95	6.71	6.81
107	7	M	893	8.21	7.39	6.97	7.52
107	8	M	1092	6.56	6.38	6.09	6.34
107	9	F	892	10.6	11.39	11.04	11.01
107	10	M	1260	7.38	6.84	7.13	7.12
107	11	M	1119	7.87	7.66	7.5	7.68
107	12	M	1025	6.89	6.68	6.17	6.58
108	1	M	643	5.75	6.06	5.68	5.83
108	2	F	533	12.15	11.16	11.15	11.49
108	3	M	884	6.18	6.62	6.83	6.54
108	4	M	645	6.24	5.93	6.02	6.06
108	5	F	790	12.02	11.8	10.57	11.46
108	6	F	495	10.59	11.02	11.29	10.97
108	7	F	644	10.16	9.42	10.34	9.97
108	8	M	840	6.03	5.97	5.97	5.99
108	9	F	1772	10.17	9.99	9.8	9.99
108	10	F	734	11.92	10.19	9.61	10.57
108	11	M	346	7.07	6.52	6.76	6.78
108	12	M	1302	6.23	5.97	6.2	6.13
109	1	M	851	6.06	6.13	6.25	6.15
109	2	F	511	9.23	9.35	10.18	9.59
109	3	M	613	6.72	6.97	6.19	6.63
109	4	M	852	7.28	6.71	6.71	6.90
109	5	F	701	11.71	10.99	9.99	10.90
109	6	F	808	10.84	10.86	10.75	10.82
109	7	F	910	11.53	10.91	10.89	11.11
109	8	F	698	10.87	9.81	10.38	10.35
109	9	M	869	6.82	7.15	6.28	6.75
109	10	F	938	11.2	10.71	10.92	10.94
109	11	M	699	6.38	6.15	6.15	6.23
109	12	M	1330	6.49	6.44	6.62	6.52
110	1	F	809	12.52	11.2	11.85	11.86
110	2	M	622	6.84	7.14	6.78	6.92
110	3	M	958	6.88	6.8	6.31	6.66
110	4	F	552	11.13	10.92	11.36	11.14
110	5	F	722	11.77	11.7	12.66	12.04
110	6	M	1405	6.92	6.8	6.9	6.87
110	7	M	710	8.04	8.34	7.2	7.86
110	8	F	702	11.85	11.76	11.38	11.66
110	9	F	465	11.81	11.08	11.07	11.32
110	10	M	810	6.96	7.79	6.51	7.09
110	11	F	1552	11.73	11.16	11.75	11.55
110	12	M	1604	6.57	6.53	6.16	6.42
111	1	F	400	13.48	12.78	13.69	13.32
111	2	F	472	14.15	12.58	12.1	12.94
111	3	F	335	12.97	12.2	12.45	12.54
111	4	F	943	12.56	13.38	11.01	12.32
111	5	M	593	7.67	7.77	7.54	7.66
111	6	F	514	11.15	10.8	10.7	10.88
111	7	M	1973	8.15	7.82	7.75	7.91
111	8	M	1438	7.88	7.87	7.86	7.87
111	9	F	318	12.12	11.6	12.16	11.96
111	10	F	228	11.29	11.5	11.05	11.28
111	11	F	407	14.08	13.35	12.78	13.40
111	12	M	406	8.44	8.4	7.88	8.24
112	1	F	227	12.75	12.98	12.27	12.67
112	2	M	606	8.54	7.05	7.05	7.55
112	3	F	1906	11.81	11.11	9.78	10.90
112	4	F	334	11.41	12.58	12.94	12.31
112	5	F	592	13.33	11.23	10.71	11.76
112	6	M	1212	7.47	8.28	7.39	7.71
112	7	F	723	9.91	9.92	9.86	9.90
112	8	F	731	11.2	11.3	11.86	11.45
112	9	M	388	8.94	8.88	8.45	8.76
112	10	F	468	13.61	12.84	12.87	13.11
112	11	F	1621	12.73	13.55	12.76	13.01
112	12	F	404	13	12.89	10.37	12.09
113	1	F	267	11.97	12.03	11.25	11.75
113	2	M	1141	9.5	8.59	8.89	8.99
113	3	F	403	13.06	12.33	13.4	12.93
113	4	F	271	11.31	12.39	11.52	11.74
113	5	M	519	9.07	9.11	9.3	9.16
113	6	F	197	14	13.97	12.94	13.64
113	7	M	518	9.68	9.06	9.42	9.39
113	8	F	198	12.68	11.45	11.85	11.99
113	9	M	266	9.35	8.84	9.31	9.17
113	10	F	196	12.93	12.26	10.86	12.02
113	11	M	470	10.88	10	9.76	10.21
113	12	M	520	9.76	8.45	8.21	8.81
114	1	M	340	8.47	8.46	8.07	8.33
114	2	M	417	9.33	8.72	8.14	8.73
114	3	F	257	13.28	13.78	12.88	13.31
114	4	F	160	10.81	10.76	10.45	10.67
114	5	F	454	12.7	10.82	12.48	12.00
114	6	M	455	9.27	8.95	8.27	8.83
114	7	F	142	10.32	11.21	11.19	10.91
114	8	F	544	16.57	13.99	14.28	14.95
114	9	F	733	14.6	12.78	13.03	13.47
114	10	F	1571	14.37	12.83	12.45	13.22
114	11	M	418	9.08	9.51	8.68	9.09
114	12	F	161	10.81	10.22	10.74	10.59
115	1	F	697	13.44	13.34	12.45	13.08
115	2	F	1709	10.9	10.6	9.89	10.46
115	3	F	1459	12.19	11.39	12.41	12.00
115	4	F	1752	13.33	13.22	13.98	13.51
115	6	M	1768	8.06	7.27	7.06	7.46
115	7	M	1304	8.92	8.58	8.58	8.69
115	8	M	1274	8.62	8.53	8.33	8.49
115	9	M	1585	8.13	8.55	8.15	8.28
115	10	F	964	12.95	12.03	11.44	12.14
115	11	M	1303	9.08	8.5	8.58	8.72
115	12	F	636	11.39	10.92	10.63	10.98
116	1	F	965	16.58	15.07	13.82	15.16
116	2	F	1396	13.13	13.11	13.67	13.30
116	3	F	696	13.04	11.68	11.83	12.18
116	4	F	907	14.15	12.86	12.62	13.21
116	5	M	1812	9.51	9.25	9.14	9.30
116	6	F	805	11.73	12.39	11.61	11.91
116	7	F	695	15.6	16.3	15.3	15.73
116	8	M	1048	10.48	10.35	10.51	10.45
116	9	F	1662	13.63	12.31	12.46	12.80
116	10	F	1315	11.79	11.81	11.86	11.82
116	11	M	1301	8.73	8.59	8.88	8.73
116	12	F	906	13.65	13.29	12.9	13.28
117	1	M	1429	9.34	8.79	8.91	9.01
117	2	F	804	13.1	12.76	12.41	12.76
117	3	F	1097	13.62	11.44	11.16	12.07
117	4	F	635	13.32	12.08	13.06	12.82
117	5	M	1128	9.15	8.86	8.63	8.88
117	6	F	693	12.6	11.45	11.6	11.88
117	7	F	966	12.91	12.23	11.97	12.37
117	8	M	9.45	9.68	9.5	7.49	8.89
117	9	F	1047	13.66	12.86	12.17	12.90
117	10	F	1652	10.79	10.69	10.5	10.66
117	11	F	1556	13.82	13.34	12.61	13.26
117	12	F	1666	11.81	11.2	10.82	11.28
118	1	M	1743	9.72	8.92	9.37	9.34
118	2	M	1778	8.13	7.33	7.86	7.77
118	3	F	1073	13.67	13.24	12.15	13.02
118	4	M	1249	9.08	8.75	7.98	8.60
118	5	F	1358	11.37	10.71	11.61	11.23
118	6	F	1375	14.4	13.88	13.4	13.89
118	7	F	850	12.05	11.67	11.62	11.78
118	8	F	1879	12.17	12.9	12.08	12.38
118	9	F	1865	11.63	11.44	11.74	11.60
118	10	F	1221	12.72	12.13	12.24	12.36
118	11	F	1331	12.07	12.46	12.34	12.29
118	12	M	1880	7.57	7.31	7.89	7.59
119	1	M	1210	8.53	8.36	8.09	8.33
119	2	F	1208	13.24	12.78	12.56	12.86
119	3	F	1807	14.1	13.11	13.82	13.68
119	4	M	700	9.94	9.67	9.76	9.79
119	5	F	1907	11.5	11.13	13.07	11.90
119	6	M	1130	9.68	9.35	9.31	9.45
119	7	M	548	10.77	9.73	10.08	10.19
119	8	F	1131	14.35	14.05	13.72	14.04
119	9	F	617	14.08	12.22	11.75	12.68
119	10	F	609	15.5	13.23	13.97	14.23
119	11	M	940	9.82	10.14	9.26	9.74
119	12	F	1209	16.85	16.54	15.88	16.42
120	1	F	547	15.47	13.32	13.8	14.20
120	2	F	725	14.85	13.72	12.16	13.58
120	3	M	868	8.18	8.18	8.34	8.23
120	4	F	826	14.52	12.98	13.45	13.65
120	5	M	320	7.34	7.28	7.49	7.37
120	6	F	1305	13.22	12.6	13	12.94
120	7	F	1129	12.61	13.28	12.5	12.80
120	8	F	546	13.3	12.95	12.71	12.99
120	9	F	960	10.56	11.61	11.57	11.25
120	10	F	329	13.11	12.82	12.33	12.75
120	11	M	911	8.22	8.15	8.55	8.31
120	12	M	471	8.14	6.76	7.4	7.43
121	1	F	1766	13.82	12.24	13.27	13.11
121	2	F	615	11.58	11.64	10.56	11.26
121	3	F	807	11.95	10.9	11.41	11.42
121	4	F	1050	12.88	12.34	12.48	12.57
121	5	F	1362	15.01	15.23	15.16	15.13
121	6	M	1207	6.95	6.81	6.71	6.82
121	8	M	1515	7.24	6.64	6.67	6.85
121	9	M	962	8.16	7.52	7.43	7.70
121	10	M	961	7.24	6.69	7.15	7.03
121	11	F	521	12.22	12.22	11.54	11.99
121	12	F	1693	11.86	11.68	11.91	11.82
122	1	M	512	7.51	8.38	7.51	7.80
122	2	F	469	13.93	14.22	14.76	14.30
122	3	M	1275	7.4	7.4	6.71	7.17
122	4	F	1675	14.09	14.42	13.47	13.99
122	5	M	330	9.15	8.63	9.02	8.93
122	6	F	1921	13.06	13.19	11.78	12.68
122	7	F	240	12.32	11.8	12.49	12.20
122	8	F	1407	12.71	12.43	12.15	12.43
122	9	F	194	12.44	12.67	11.97	12.36
122	10	F	241	12.18	12.7	11.84	12.24
122	11	F	1300	13.94	13.28	13.54	13.59
122	12	F	549	13.71	12.82	12.6	13.04
123	1	F	369	11.72	11.71	11.92	11.78
123	2	M	368	7.1	7.03	6.92	7.02
123	3	F	1414	13.21	11.94	12.21	12.45
123	4	M	992	7.84	7.67	7.36	7.62
123	5	F	1107	13.06	11.87	11.92	12.28
123	6	M	771	7.34	7.06	6.7	7.03
123	7	M	665	6.74	6.53	6.94	6.74
123	8	F	1472	13.31	13.16	11.68	12.72
123	9	F	1413	11.68	11.46	10.91	11.35
123	10	F	770	13.49	12.42	11.61	12.51
123	11	F	1770	13.86	12.3	12.09	12.75
123	12	F	991	13.33	12.94	12.67	12.98
124	1	F	990	12.8	13.02	12.93	12.92
124	2	F	664	11.37	10.23	9.97	10.52
124	3	M	887	8.37	8.47	8.52	8.45
124	4	F	559	13.01	11.93	11.98	12.31
124	5	M	560	7.42	7.66	8.44	7.84
124	6	F	562	14.67	14.89	14.46	14.67
124	7	M	877	8.12	7.67	7.68	7.82
124	8	F	761	13.41	12.12	11.86	12.46
124	9	F	832	11.38	11.53	11.76	11.56
124	10	F	483	10.75	10.5	10.72	10.66
124	11	F	1285	11.83	10.75	11.24	11.27
124	12	F	561	11.78	12.13	12.03	11.98
125	1	F	526	13.76	13.34	12.37	13.16
125	2	M	1166	8	7.18	7.87	7.68
125	3	F	1542	12.6	11.58	12	12.06
125	4	F	1457	13.55	13.46	13.42	13.48
125	5	M	659	7.56	7.45	7.19	7.40
125	6	M	558	8.55	7.97	8.18	8.23
125	7	F	367	13.03	11.81	12.44	12.43
125	8	F	528	12.66	10.95	11.1	11.57
125	9	F	484	13.15	11.57	11.55	12.09
125	10	M	769	9.42	7.16	7.37	7.98
125	11	F	441	11.28	12.11	11.64	11.68
125	12	M	924	8.6	8.43	8.84	8.62
126	1	F	1225	11.76	12.34	12.25	12.12
126	2	M	1191	8.68	8.38	8.51	8.52
126	3	M	1333	8.35	7.94	8.4	8.23
126	4	F	1922	14.75	14.93	14.01	14.56
126	5	F	1642	13.25	12.83	12.89	12.99
126	6	M	1189	9.5	8.87	8.72	9.03
126	7	M	1167	8.24	8.38	7.93	8.18
126	8	M	1964	7.99	8	8.07	8.02
126	9	F	1217	13.13	12.54	12.62	12.76
126	10	F	1320	13.02	12.69	12.67	12.79
126	11	F	925	12.92	13.89	14.05	13.62
126	12	M	985	9.56	9.36	9.17	9.36
127	1	M	926	9.57	9.02	9.69	9.43
127	2	F	1286	13.74	13.15	13.56	13.48
127	3	M	1720	9.45	9.47	9.19	9.37
127	4	M	1319	8.16	8.04	8.09	8.10
127	5	M	1081	8.63	8.2	8.98	8.60
127	6	M	1309	9.14	8.56	8.26	8.65
127	7	M	1108	8.99	8.39	8.53	8.64
127	8	F	1493	13.99	12.93	13.02	13.31
127	9	M	1252	8.62	8.15	8.3	8.36
127	10	M	1730	9.22	9.37	9.34	9.31
127	11	M	983	8.59	8.4	8.54	8.51
127	12	F	988	13.7	13.12	12.51	13.11
128	1	F	987	14.93	13.74	13.5	14.06
128	2	M	1082	8.11	7.53	7.08	7.57
128	3	F	923	13.78	13.16	13.09	13.34
128	4	F	1340	14.78	13.74	14.34	14.29
128	5	M	1084	9.91	9.45	9.05	9.47
128	6	M	1321	7.83	8.12	8.04	8.00
128	7	M	1083	9.56	9.42	9.56	9.51
128	8	M	1106	7.68	8.1	7.61	7.80
128	9	M	1939	8.95	7.87	8.07	8.30
128	10	M	1283	8.7	7.83	7.93	8.15
128	11	M	1190	7.82	7.6	7.67	7.70
128	12	M	984	8.26	7.63	7.65	7.85
129	1	M	1802	8.61	8.34	8.19	8.38
129	2	F	881	12.64	12.41	13.08	12.71
129	3	M	1408	7.54	7.5	7.7	7.58
129	4	M	1289	6.9	6.94	6.93	6.92
129	5	F	754	14.65	12.64	11.83	13.04
129	6	F	1876	18.02	16.43	15.58	16.68
129	7	F	1443	13.51	12.9	12.5	12.97
129	8	M	1236	8.42	8.29	7.91	8.21
129	9	M	1342	7.26	7.12	6.98	7.12
129	10	M	1323	9	9.54	9.63	9.39
129	11	F	1010	12.76	10.93	11.58	11.76
129	12	M	1955	7.53	8.13	7.55	7.74
130	1	F	783	15.67	16.06	15.07	15.60
130	2	F	1751	14.17	14.23	14.08	14.16
130	3	F	785	14.08	12.77	13.51	13.45
130	4	F	527	12.77	12.73	13.3	12.93
130	5	F	886	13.07	13.89	13.76	13.57
130	6	M	1324	7.69	8.38	8.2	8.09
130	7	F	649	14.8	14.6	14.66	14.69
130	8	F	1016	14.34	13.84	14.04	14.07
130	9	M	989	8.96	8.8	8.88	8.88
130	10	F	1109	13.53	13.23	12.72	13.16
130	11	F	1171	14.78	14.41	13.98	14.39
130	12	F	1117	13.74	13.01	12.75	13.17
131	2	M	1284	6.69	6.07	6.83	6.53
131	3	M	1373	6.34	6.41	6.95	6.57
131	4	F	1799	11.43	11.86	11.64	11.64
131	5	F	1110	12.68	11.69	12.09	12.15
131	6	M	1237	7.41	7.68	7.54	7.54
131	7	M	1341	6.38	6.48	6.67	6.51
131	8	F	1238	13.43	12.59	12.04	12.69
131	9	M	1757	6.48	6.61	6.19	6.43
131	10	F	1334	13.07	13.1	12.99	13.05
131	11	F	1442	11.95	10.74	10.58	11.09
131	12	M	1015	6.87	7.21	7.38	7.15
132	1	F	1219	14.67	12.73	12.81	13.40
132	2	M	1017	7.23	6.5	6.63	6.79
132	3	M	1229	6.65	6.14	6.14	6.31
132	4	M	1401	6.22	6.13	5.77	6.04
132	5	F	1343	14.84	14.2	14.4	14.48
132	6	M	1168	7.05	7.58	6.94	7.19
132	7	F	1259	13.63	12.91	12.32	12.95
132	8	F	1392	12.15	11.46	12.3	11.97
132	9	M	1352	5.54	6.17	6.29	6.00
132	10	F	1089	13.06	11.78	11.96	12.27
132	11	M	1118	7.36	7.2	7.13	7.23
132	12	F	1170	11.44	11.88	11.31	11.54
133	1	F	1790	12.52	12.53	12.12	12.39
133	2	M	1278	7.32	6.58	6.66	6.85
133	3	F	1325	11.66	11.47	11.03	11.39
133	4	M	1086	7.33	7.06	7.28	7.22
133	5	F	1827	13.12	11.22	11.56	11.97
133	6	M	1240	6.72	6.69	7.02	6.81
133	7	F	1349	12.59	11.4	11.05	11.68
133	8	M	1001	7.33	7	6.76	7.03
133	9	M	1231	6.96	6.96	6.8	6.91
133	10	M	1433	6.96	6.8	6.49	6.75
133	11	F	1409	14.25	13.37	13.3	13.64
133	12	M	1090	6.55	6.55	6.35	6.48
134	1	M	571	7.79	7.6	8.14	7.84
134	2	M	1234	8.11	8.35	7.43	7.96
134	3	M	569	7.43	7.35	7.45	7.41
134	4	F	300	14.39	11.88	11.94	12.74
134	5	F	1239	13.19	12.17	12.53	12.63
134	6	F	570	12.43	11.86	11.3	11.86
134	7	M	880	7.6	7.73	7.85	7.73
134	8	F	443	12.76	12.94	12.39	12.70
134	9	M	1937	8.82	8.98	8.12	8.64
134	10	M	374	7.92	7.91	7.93	7.92
134	11	F	431	13.01	12.46	12.41	12.63
134	12	F	1174	12.68	12.78	12.04	12.50
135	1	F	1526	15.39	14.04	13.28	14.24
135	2	M	1551	10.28	8.78	8.71	9.26
135	3	M	361	7.46	7.4	7.2	7.35
135	4	F	1628	13.54	13.48	12.93	13.32
135	5	M	567	7.6	7.36	7.55	7.50
135	6	F	1483	13.63	12.84	13.32	13.26
135	7	F	251	12.2	11.8	10.37	11.46
135	8	M	1655	8.66	8.74	8.82	8.74
135	9	M	1588	9.29	8.56	8.13	8.66
135	10	F	1527	13.58	11.84	11.84	12.42
135	11	F	671	12.42	12.69	12.05	12.39
135	12	F	1756	14.1	13.59	13.01	13.57
136	1	M	656	9.65	8.61	8.75	9.00
136	2	F	373	11.97	12.73	12.47	12.39
136	3	F	784	14.62	13.4	12.57	13.53
136	4	F	1488	15.73	14.41	14.5	14.88
136	5	F	301	12.16	11.84	10.24	11.41
136	6	F	288	13.8	12.57	13.07	13.15
136	7	F	249	13.98	11.8	12.91	12.90
136	8	M	1622	8.52	8.21	8.07	8.27
136	9	F	1235	13.58	12.35	12.85	12.93
136	10	F	1554	12.55	11.96	11.76	12.09
136	11	F	1495	15.21	14.09	14.96	14.75
136	12	M	568	8.79	9.27	8.33	8.80
137	1	F	179	11.53	10.72	10.95	11.07
137	2	F	375	12.3	12.56	12.93	12.60
137	3	F	151	10.87	11.4	10.91	11.06
137	4	M	359	9.41	8.87	9.36	9.21
137	5	M	575	9.59	8.87	8.96	9.14
137	6	F	178	10.84	10.67	10.76	10.76
137	7	F	358	13.15	12.64	11.93	12.57
137	8	F	287	12.33	11.48	11.01	11.61
137	9	F	296	11.3	12.63	10.84	11.59
137	10	F	177	10.79	11.15	11.77	11.24
137	11	F	660	13.49	13.05	11.97	12.84
137	12	F	119	10.26	10.21	9.23	9.90
138	1	F	493	13.64	11.68	11.57	12.30
138	2	F	1150	13.23	11.95	12	12.39
138	3	M	1625	7.85	7.28	7.48	7.54
138	4	M	1489	7.45	7.85	7.62	7.64
138	5	M	573	8.95	9	8.37	8.77
138	6	F	1227	12.07	11.66	11.08	11.60
138	7	M	1775	8.21	7.52	7.38	7.70
138	8	F	1782	11.75	11.79	12.41	11.98
138	9	M	1844	9.77	8.9	8.25	8.97
138	10	M	1420	8.45	7.55	7.62	7.87
138	11	M	1781	8.46	7.88	7.97	8.10
138	12	M	1833	8.2	7.15	8.03	7.79
139	1	F	768	12.07	10.61	11.05	11.24
139	2	F	1580	13.55	12.58	13.42	13.18
139	3	F	572	12.93	11.32	12.11	12.12
139	4	F	1258	13.05	12.74	11.55	12.45
139	5	F	1013	12.46	12.12	11.96	12.18
139	6	F	1505	13.81	13.35	13.34	13.50
139	7	M	1226	8.56	8.05	8.16	8.26
139	8	M	1591	8.79	8.43	7.47	8.23
139	9	M	1322	9	9.22	8.91	9.04
139	10	F	1694	13.74	13.22	13.59	13.52
139	11	M	1579	9.79	8.53	9.34	9.22
139	12	F	1680	11.66	11.7	10.96	11.44
140	1	M	885	7.64	7.38	7.14	7.39
140	2	F	1014	12.13	11.65	11.08	11.62
140	3	F	1814	13.13	12.74	12.57	12.81
140	4	M	1006	10.21	9.28	9.06	9.52
140	5	M	1011	8.64	8.24	7.81	8.23
140	6	M	1687	8.24	7.99	8.2	8.14
140	7	F	1088	12.3	10.42	10.58	11.10
140	8	M	1173	8.68	8.26	8.25	8.40
140	9	M	782	9.69	9.21	8.9	9.27
140	10	M	1577	10	9.55	9.03	9.53
140	11	M	1291	8.08	7.37	7.57	7.67
140	12	F	1419	12.13	11.8	11.64	11.86
141	1	M	1703	7.87	7.57	7.34	7.59
141	2	M	1007	9.14	8.48	8.66	8.76
141	3	M	1009	9.97	9.42	9.46	9.62
141	4	M	1816	8.35	7.9	8.03	8.09
141	5	F	531	14.98	12.66	12.93	13.52
141	6	M	1149	9.46	9.35	9.29	9.37
141	7	F	1777	12.26	10.88	10.85	11.33
141	8	F	1494	15.04	13.32	12.88	13.75
141	9	M	1008	8.08	7.94	8.38	8.13
141	10	F	1619	14.63	13.54	12.99	13.72
141	11	M	1697	8.74	8.11	8.36	8.40
141	12	F	1422	14.61	12.37	12.27	13.08
142	1	M	1005	9.52	8.7	8.05	8.76
142	2	M	663	8.26	7.72	8.12	8.03
142	3	F	780	13.82	11.92	11.86	12.53
142	4	F	1012	14.37	14.46	14.26	14.36
142	5	F	658	13.97	13.31	12.79	13.36
142	6	F	781	14.23	12.18	12.46	12.96
142	7	F	574	11.85	11.96	10.55	11.45
142	8	F	1116	12.96	11.83	11.88	12.22
142	9	M	1114	8.32	8.07	8.07	8.15
142	10	F	675	14.24	12.75	12.1	13.03
142	11	F	492	12	10.98	10.38	11.12
142	12	F	882	12.62	13.88	13.35	13.28
143	1	M	1335	7.26	7.12	7.09	7.16
143	2	F	1257	11.55	11.77	11.39	11.57
143	3	F	1364	11.95	11.56	10.54	11.35
143	4	F	1256	11.54	10.82	10.24	10.87
143	5	F	530	10.34	10.12	10.17	10.21
143	6	M	1113	7.12	6.41	6.85	6.79
143	7	M	1195	7.52	7.09	7.01	7.21
143	8	M	1196	6.9	6.78	6.3	6.66
143	9	M	1762	7.18	7.27	6.93	7.13
143	10	F	1197	10.52	11.06	11.59	11.06
143	11	F	1310	14.39	12.99	12.7	13.36
143	12	M	1002	6.93	6.82	6.88	6.88
144	1	F	979	12.52	11.36	12.14	12.01
144	2	M	835	7.26	7.27	7.27	7.27
144	3	F	1754	12.76	11.69	12.37	12.27
144	4	F	1829	11.67	11.24	12.1	11.67
144	5	M	1112	6.67	6.61	6.35	6.54
144	6	F	1148	10.07	10.44	9.35	9.95
144	7	F	883	10.94	9.28	9.69	9.97
144	8	F	1172	12.2	13.57	13.08	12.95
144	9	M	1232	7.47	7.58	6.85	7.30
144	10	M	752	7.3	6.44	6.69	6.81
144	11	F	778	10.43	10.78	11.12	10.78
144	12	M	1372	6.66	6.96	5.97	6.53
145	1	M	1351	6.51	6.87	6.28	6.55
145	2	M	674	6.49	6.74	6.42	6.55
145	3	F	1705	12.72	11.99	11.96	12.22
145	4	M	1536	7.26	7.04	7.29	7.20
145	5	F	673	12.26	10.91	11.83	11.67
145	6	M	1003	6.54	6.39	6.53	6.49
145	7	F	779	12.73	10.91	10.17	11.27
145	8	F	491	11.12	9.53	10.96	10.54
145	9	M	1111	7.16	7.04	6.54	6.91
145	10	M	1004	7.41	7.13	6.96	7.17
145	11	M	1809	6.07	6.04	5.93	6.01
145	12	M	777	6.83	6.37	5.98	6.39
