Latitude	Longitude	Region	Population	Id	Family	Day_of_flower_start
34.4315	118.6299	2	1	1.1	1	27
34.4315	118.6299	2	1	1.2	1	30
34.4315	118.6299	2	1	2.1	2	25
34.4315	118.6299	2	1	2.2	2	22
34.4315	118.6299	2	1	2.3	2	26
34.4315	118.6299	2	1	3.1	3	22
34.4315	118.6299	2	1	3.2	3	20
34.4315	118.6299	2	1	3.3	3	25
34.4315	118.6299	2	1	3.4	3	22
34.4315	118.6299	2	1	3.5	3	22
34.4315	118.6299	2	1	4.1	4	22
34.4315	118.6299	2	1	4.2	4	17
34.4315	118.6299	2	1	4.3	4	29
34.4315	118.6299	2	1	6.1	6	24
34.4315	118.6299	2	1	6.2	6	31
34.4315	118.6299	2	1	6.4	6	30
34.4315	118.6299	2	1	8.1	8	25
34.4315	118.6299	2	1	8.2	8	22
34.4315	118.6299	2	1	8.3	8	20
34.4315	118.6299	2	1	8.4	8	20
34.4315	118.6299	2	1	8.5	8	24
34.4315	118.6299	2	1	9.1	9	28
34.4315	118.6299	2	1	9.2	9	31
34.4315	118.6299	2	1	9.3	9	31
34.4315	118.6299	2	1	9.4	9	30
34.4315	118.6299	2	1	9.5	9	24
34.4315	118.6299	2	1	10.1	10	19
34.4315	118.6299	2	1	10.2	10	20
34.4315	118.6299	2	1	10.3	10	23
34.4315	118.6299	2	1	10.4	10	34
34.4315	118.6299	2	1	10.5	10	25
34.4315	118.6299	2	1	11.1	11	22
34.4315	118.6299	2	1	11.2	11	25
34.4315	118.6299	2	1	11.3	11	30
34.4315	118.6299	2	1	12.1	12	22
34.4315	118.6299	2	1	12.2	12	27
34.4315	118.6299	2	1	12.3	12	24
34.4315	118.6299	2	1	13.1	13	21
34.4315	118.6299	2	1	13.2	13	28
34.4315	118.6299	2	1	13.3	13	33
34.4315	118.6299	2	1	13.4	13	24
34.4315	118.6299	2	1	13.5	13	21
34.4315	118.6299	2	1	14.1	14	15
34.4315	118.6299	2	1	14.2	14	19
34.4315	118.6299	2	1	14.3	14	15
34.4315	118.6299	2	1	14.4	14	21
34.4315	118.6299	2	1	14.5	14	23
34.4315	118.6299	2	1	15.1	15	30
34.4315	118.6299	2	1	15.2	15	15
34.4315	118.6299	2	1	15.3	15	21
34.4315	118.6299	2	1	15.4	15	29
34.4315	118.6299	2	1	16.1	16	21
34.4315	118.6299	2	1	16.2	16	27
34.4315	118.6299	2	1	16.3	16	21
34.4315	118.6299	2	1	16.4	16	21
34.4315	118.6299	2	1	16.5	16	17
34.4315	118.6299	2	1	18.1	18	25
34.4315	118.6299	2	1	18.2	18	22
34.4315	118.6299	2	1	18.3	18	19
34.4315	118.6299	2	1	18.4	18	28
34.4315	118.6299	2	1	18.5	18	22
34.4315	118.6299	2	1	19.1	19	16
34.4315	118.6299	2	1	19.2	19	24
34.4315	118.6299	2	1	20.1	20	33
34.4315	118.6299	2	1	20.2	20	27
34.4315	118.6299	2	1	20.3	20	22
34.4315	118.6299	2	1	20.4	20	21
34.4315	118.6299	2	1	20.5	20	23
33.5165	117.3381	1	3	1.1	1	21
33.5165	117.3381	1	3	1.2	1	12
33.5165	117.3381	1	3	1.3	1	21
33.5165	117.3381	1	3	1.4	1	23
33.5165	117.3381	1	3	1.5	1	23
33.5165	117.3381	1	3	2.1	2	18
33.5165	117.3381	1	3	2.2	2	18
33.5165	117.3381	1	3	2.3	2	19
33.5165	117.3381	1	3	2.4	2	20
33.5165	117.3381	1	3	2.5	2	15
33.5165	117.3381	1	3	3.1	3	17
33.5165	117.3381	1	3	3.2	3	25
33.5165	117.3381	1	3	3.3	3	22
33.5165	117.3381	1	3	3.4	3	26
33.5165	117.3381	1	3	3.5	3	22
33.5165	117.3381	1	3	4.1	4	25
33.5165	117.3381	1	3	4.2	4	20
33.5165	117.3381	1	3	4.3	4	16
33.5165	117.3381	1	3	4.4	4	16
33.5165	117.3381	1	3	4.5	4	17
33.5165	117.3381	1	3	5.1	5	21
33.5165	117.3381	1	3	5.2	5	19
33.5165	117.3381	1	3	5.3	5	20
33.5165	117.3381	1	3	5.4	5	20
33.5165	117.3381	1	3	5.5	5	19
33.5165	117.3381	1	3	6.1	6	21
33.5165	117.3381	1	3	6.2	6	20
33.5165	117.3381	1	3	6.3	6	22
33.5165	117.3381	1	3	6.4	6	26
33.5165	117.3381	1	3	6.5	6	22
33.5165	117.3381	1	3	7.1	7	15
33.5165	117.3381	1	3	7.2	7	23
33.5165	117.3381	1	3	8.1	8	19
33.5165	117.3381	1	3	8.2	8	20
33.5165	117.3381	1	3	8.3	8	21
33.5165	117.3381	1	3	8.4	8	24
33.5165	117.3381	1	3	8.5	8	23
33.5165	117.3381	1	3	9.1	9	16
33.5165	117.3381	1	3	9.2	9	16
33.5165	117.3381	1	3	9.3	9	19
33.5165	117.3381	1	3	9.4	9	20
33.5165	117.3381	1	3	9.5	9	18
33.5165	117.3381	1	3	10.1	10	27
33.5165	117.3381	1	3	10.2	10	20
33.5165	117.3381	1	3	10.3	10	16
33.5165	117.3381	1	3	11.1	11	21
33.5165	117.3381	1	3	11.2	11	18
33.5165	117.3381	1	3	11.3	11	23
33.5165	117.3381	1	3	11.4	11	23
33.5165	117.3381	1	3	11.5	11	21
33.5165	117.3381	1	3	12.1	12	19
33.5165	117.3381	1	3	12.2	12	15
33.5165	117.3381	1	3	12.3	12	23
33.5165	117.3381	1	3	12.4	12	12
33.5165	117.3381	1	3	12.5	12	17
33.5165	117.3381	1	3	13.1	13	14
33.5165	117.3381	1	3	13.2	13	19
33.5165	117.3381	1	3	13.3	13	13
33.5165	117.3381	1	3	13.4	13	22
33.5165	117.3381	1	3	13.5	13	22
33.5165	117.3381	1	3	14.1	14	11
33.5165	117.3381	1	3	14.2	14	21
33.5165	117.3381	1	3	14.3	14	21
33.5165	117.3381	1	3	14.4	14	17
33.5165	117.3381	1	3	14.5	14	18
33.5165	117.3381	1	3	16.1	16	18
33.5165	117.3381	1	3	16.2	16	24
33.5165	117.3381	1	3	16.3	16	25
33.5165	117.3381	1	3	16.4	16	23
33.5165	117.3381	1	3	16.5	16	27
33.5165	117.3381	1	3	18.1	18	18
33.5165	117.3381	1	3	18.2	18	23
33.5165	117.3381	1	3	18.3	18	23
33.5165	117.3381	1	3	18.4	18	22
33.5165	117.3381	1	3	18.5	18	22
33.5165	117.3381	1	3	21.1	21	22
33.5165	117.3381	1	3	21.2	21	19
33.5165	117.3381	1	3	21.3	21	24
34.5239	119.8335	2	5	7.1	7	33
34.5239	119.8335	2	5	7.2	7	25
34.5239	119.8335	2	5	7.3	7	24
34.5239	119.8335	2	5	7.4	7	30
34.5239	119.8335	2	5	7.5	7	27
34.5239	119.8335	2	5	17.1	5217	30
34.5239	119.8335	2	5	17.2	5217	24
34.5239	119.8335	2	5	17.3	5217	22
34.5239	119.8335	2	5	19.1	5219	25
34.5239	119.8335	2	5	19.2	5219	24
34.7411	120.0136	2	7	1.1	1	25
34.7411	120.0136	2	7	1.2	1	35
34.7411	120.0136	2	7	1.3	1	20
34.7411	120.0136	2	7	4.1	4	33
34.7411	120.0136	2	7	4.2	4	25
34.7411	120.0136	2	7	5.1	5	31
34.7411	120.0136	2	7	5.2	5	22
34.7411	120.0136	2	7	5.3	5	29
34.7411	120.0136	2	7	5.4	5	28
34.7411	120.0136	2	7	7.1	7	20
34.7411	120.0136	2	7	7.2	7	28
34.7411	120.0136	2	7	7.3	7	22
34.7411	120.0136	2	7	7.4	7	24
34.7411	120.0136	2	7	7.5	7	19
34.7411	120.0136	2	7	10.1	10	34
34.7411	120.0136	2	7	10.2	10	21
34.7411	120.0136	2	7	10.3	10	20
34.7411	120.0136	2	7	10.4	10	23
34.7411	120.0136	2	7	10.5	10	27
34.7411	120.0136	2	7	12.1	12	17
34.7411	120.0136	2	7	12.2	12	25
34.7411	120.0136	2	7	12.3	12	23
34.7411	120.0136	2	7	12.4	12	25
34.7411	120.0136	2	7	12.5	12	23
34.7411	120.0136	2	7	13.1	13	17
34.7411	120.0136	2	7	13.2	13	16
34.7411	120.0136	2	7	13.3	13	21
34.7411	120.0136	2	7	13.4	13	12
34.7411	120.0136	2	7	13.5	13	17
34.7411	120.0136	2	7	16.1	16	27
34.7411	120.0136	2	7	16.2	16	34
34.7411	120.0136	2	7	17.1	17	28
34.7411	120.0136	2	7	17.2	17	23
34.7411	120.0136	2	7	17.3	17	21
34.7411	120.0136	2	7	17.4	17	20
34.7411	120.0136	2	7	17.5	17	23
34.7411	120.0136	2	7	22.1	22	24
34.7411	120.0136	2	7	22.2	22	25
34.7411	120.0136	2	7	23.1	23	23
34.7411	120.0136	2	7	23.2	23	21
34.7411	120.0136	2	7	23.3	23	24
34.7411	120.0136	2	7	23.4	23	24
34.7411	120.0136	2	7	23.5	23	23
34.7411	120.0136	2	7	24.1	24	28
34.7411	120.0136	2	7	24.2	24	25
37.6508	212.6025	4	8	2.1	2	25
37.6508	212.6025	4	8	2.2	2	22
37.6508	212.6025	4	8	2.3	2	30
37.6508	212.6025	4	8	2.4	2	25
37.6508	212.6025	4	8	6.1	6	22
37.6508	212.6025	4	8	6.2	6	17
37.6508	212.6025	4	8	6.3	6	15
37.6508	212.6025	4	8	21.1	21	15
37.6508	212.6025	4	8	21.2	21	23
37.5768	119.9486	3	10	1.1	1	31
37.5768	119.9486	3	10	1.2	1	23
37.5768	119.9486	3	10	1.3	1	27
37.5768	119.9486	3	10	3.1	3	29
37.5768	119.9486	3	10	3.2	3	30
37.5768	119.9486	3	10	3.3	3	35
37.5768	119.9486	3	10	3.4	3	33
37.5768	119.9486	3	10	3.5	3	25
37.5768	119.9486	3	10	4.1	4	27
37.5768	119.9486	3	10	4.2	4	29
37.5768	119.9486	3	10	4.3	4	29
37.5768	119.9486	3	10	4.4	4	26
37.5768	119.9486	3	10	4.5	4	28
37.5768	119.9486	3	10	6.1	6	31
37.5768	119.9486	3	10	6.2	6	25
37.5768	119.9486	3	10	6.3	6	21
37.5768	119.9486	3	10	6.3	6	21
37.5768	119.9486	3	10	6.4	6	30
37.5768	119.9486	3	10	6.5	6	30
37.5768	119.9486	3	10	9.1	9	30
37.5768	119.9486	3	10	9.2	9	32
37.5768	119.9486	3	10	9.3	9	28
37.5768	119.9486	3	10	9.4	9	21
37.5768	119.9486	3	10	11.1	11	15
37.5768	119.9486	3	10	11.2	11	22
37.5768	119.9486	3	10	13.1	13	25
37.5768	119.9486	3	10	13.2	13	33
37.5768	119.9486	3	10	14.1	14	28
37.5768	119.9486	3	10	14.2	14	27
37.5768	119.9486	3	10	14.3	14	24
37.5768	119.9486	3	10	14.4	14	23
37.5768	119.9486	3	10	14.5	14	28
37.5768	119.9486	3	10	15.1	15	36
37.5768	119.9486	3	10	15.2	15	31
37.5768	119.9486	3	10	15.3	15	23
37.5768	119.9486	3	10	15.4	15	28
37.5768	119.9486	3	10	15.5	15	35
37.5768	119.9486	3	10	16.1	16	23
37.5768	119.9486	3	10	16.2	16	23
37.5768	119.9486	3	10	16.3	16	28
37.5768	119.9486	3	10	16.4	16	28
37.5768	119.9486	3	10	16.5	16	27
37.5768	119.9486	3	10	18.1	18	26
37.5768	119.9486	3	10	19.1	19	30
37.5768	119.9486	3	10	19.2	19	37
37.5768	119.9486	3	10	19.3	19	25
37.5768	119.9486	3	10	19.4	19	25
37.5023	120.0687	3	11	0	12	6
37.5023	120.0687	3	11	2.1	2	11
37.5023	120.0687	3	11	2.2	2	20
37.5023	120.0687	3	11	2.3	2	23
37.5023	120.0687	3	11	2.4	2	17
37.5023	120.0687	3	11	2.5	2	22
37.5023	120.0687	3	11	4.1	4	6
37.5023	120.0687	3	11	4.2	4	19
37.5023	120.0687	3	11	4.3	4	13
37.5023	120.0687	3	11	4.4	4	19
37.5023	120.0687	3	11	4.5	4	20
37.5023	120.0687	3	11	5.1	5	19
37.5023	120.0687	3	11	5.2	5	6
37.5023	120.0687	3	11	5.3	5	21
37.5023	120.0687	3	11	5.4	5	20
37.5023	120.0687	3	11	6.1	6	5
37.5023	120.0687	3	11	6.2	6	6
37.5023	120.0687	3	11	6.3	6	16
37.5023	120.0687	3	11	6.4	6	39
37.5023	120.0687	3	11	6.5	6	10
37.5023	120.0687	3	11	7.1	7	15
37.5023	120.0687	3	11	7.2	7	1
37.5023	120.0687	3	11	7.3	7	1
37.5023	120.0687	3	11	7.4	7	5
37.5023	120.0687	3	11	7.5	7	7
37.5023	120.0687	3	11	9.2	9	22
37.5023	120.0687	3	11	9.3	9	30
37.5023	120.0687	3	11	9.4	9	36
37.5023	120.0687	3	11	9.5	9	30
37.5023	120.0687	3	11	11.1	11	12
37.5023	120.0687	3	11	11.2	11	18
37.5023	120.0687	3	11	11.3	11	30
37.5023	120.0687	3	11	11.4	11	14
37.5023	120.0687	3	11	11.5	11	16
37.5023	120.0687	3	11	12.1	12	6
37.5023	120.0687	3	11	12.2	12	17
37.5023	120.0687	3	11	12.3	12	8
37.5023	120.0687	3	11	12.4	12	3
37.5023	120.0687	3	11	14.1	14	13
37.5023	120.0687	3	11	14.2	14	23
37.5023	120.0687	3	11	14.3	14	21
37.5023	120.0687	3	11	14.4	14	20
37.5023	120.0687	3	11	14.5	14	24
37.5023	120.0687	3	11	15.1	15	7
37.5023	120.0687	3	11	15.2	15	7
37.5023	120.0687	3	11	15.3	15	7
37.5023	120.0687	3	11	15.4	15	6
37.5023	120.0687	3	11	15.5	15	39
37.5023	120.0687	3	11	16.1	16	29
37.5023	120.0687	3	11	16.2	16	15
37.5023	120.0687	3	11	16.3	16	15
37.5023	120.0687	3	11	16.4	16	29
37.5023	120.0687	3	11	16.5	16	21
37.5023	120.0687	3	11	17.1	17	20
37.5023	120.0687	3	11	17.2	17	15
37.5023	120.0687	3	11	17.3	17	10
37.5023	120.0687	3	11	17.4	17	19
37.5023	120.0687	3	11	17.5	17	17
37.5023	120.0687	3	11	18.1	18	15
37.5023	120.0687	3	11	18.2	18	18
37.5023	120.0687	3	11	18.3	18	15
37.5023	120.0687	3	11	18.4	18	36
37.5023	120.0687	3	11	19.1	19	7
37.5023	120.0687	3	11	19.2	19	10
37.5023	120.0687	3	11	19.3	19	10
37.5023	120.0687	3	11	19.4	19	10
37.5023	120.0687	3	11	19.5	19	7
37.5023	120.0687	3	11	20.1	20	6
37.5023	120.0687	3	11	20.2	20	4
37.5023	120.0687	3	11	20.3	20	11
37.5023	120.0687	3	11	20.4	20	15
37.5023	120.0687	3	11	20.5	20	7
37.1794	119.5124	3	13	1.1	1	28
37.1794	119.5124	3	13	1.2	1	27
37.1794	119.5124	3	13	1.3	1	33
37.1794	119.5124	3	13	2.2	2	27
37.1794	119.5124	3	13	2.3	2	28
37.1794	119.5124	3	13	2.4	2	25
37.1794	119.5124	3	13	2.5	2	30
37.1794	119.5124	3	13	3.1	3	33
37.1794	119.5124	3	13	3.2	3	28
37.1794	119.5124	3	13	3.3	3	25
37.1794	119.5124	3	13	3.4	3	31
37.1794	119.5124	3	13	4.1	4	30
37.1794	119.5124	3	13	4.2	4	22
37.1794	119.5124	3	13	4.3	4	30
37.1794	119.5124	3	13	5.1	5	22
37.1794	119.5124	3	13	5.2	5	29
37.1794	119.5124	3	13	6.1	6	21
37.1794	119.5124	3	13	6.2	6	22
37.1794	119.5124	3	13	6.3	6	28
37.1794	119.5124	3	13	6.4	6	30
37.1794	119.5124	3	13	6.5	6	25
37.1794	119.5124	3	13	10.1	10	28
37.1794	119.5124	3	13	10.2	10	31
37.1794	119.5124	3	13	10.3	10	24
37.1794	119.5124	3	13	11.1	11	21
37.1794	119.5124	3	13	11.2	11	24
37.1794	119.5124	3	13	11.3	11	19
37.1794	119.5124	3	13	11.4	11	31
37.1794	119.5124	3	13	11.5	11	21
37.1794	119.5124	3	13	16.1	16	21
37.1794	119.5124	3	13	16.2	16	20
37.1794	119.5124	3	13	17.1	17	33
37.1794	119.5124	3	13	17.2	17	22
38.7238	112.266	4	17	4.1	4	15
38.7238	112.266	4	17	4.2	4	10
38.7238	112.266	4	17	4.3	4	39
38.7238	112.266	4	17	4.4	4	11
38.7238	112.266	4	17	4.5	4	22
38.7238	112.266	4	17	5.1	5	27
38.7238	112.266	4	17	5.2	5	35
38.7238	112.266	4	17	5.3	5	30
38.7238	112.266	4	17	6.1	6	18
38.7238	112.266	4	17	6.2	6	30
38.7238	112.266	4	17	6.3	6	21
38.7238	112.266	4	17	7.1	7	23
38.7238	112.266	4	17	7.2	7	28
38.7238	112.266	4	17	8.1	8	24
38.7238	112.266	4	17	8.2	8	23
38.7238	112.266	4	17	8.3	8	31
38.7238	112.266	4	17	8.4	8	30
38.7238	112.266	4	17	8.5	8	23
38.7238	112.266	4	17	9.1	9	28
38.7238	112.266	4	17	9.2	9	22
38.7238	112.266	4	17	13.1	13	24
38.7238	112.266	4	17	13.2	13	24
38.7238	112.266	4	17	13.3	13	24
38.7238	112.266	4	17	13.4	13	18
38.7238	112.266	4	17	14.1	14	33
38.7238	112.266	4	17	14.2	14	27
38.7238	112.266	4	17	15.1	15	20
38.7238	112.266	4	17	15.2	15	24
38.7238	112.266	4	17	15.3	15	22
38.7238	112.266	4	17	15.4	15	21
38.7238	112.266	4	17	15.5	15	15
37.3292	121.6813	4	19	2.1	2	22
37.3292	121.6813	4	19	2.2	2	18
37.3292	121.6813	4	19	3.1	3	23
37.3292	121.6813	4	19	3.2	3	22
37.3292	121.6813	4	19	5.1	5	27
37.3292	121.6813	4	19	5.2	5	28
37.3292	121.6813	4	19	6.1	6	22
37.3292	121.6813	4	19	6.3	6	25
37.3292	121.6813	4	19	9.1	9	24
37.3292	121.6813	4	19	9.2	9	26
37.3292	121.6813	4	19	9.3	9	24
37.3292	121.6813	4	19	10.1	10	21
37.3292	121.6813	4	19	10.2	10	24
37.3292	121.6813	4	19	10.3	10	22
37.3292	121.6813	4	19	10.4	10	23
37.3292	121.6813	4	19	10.5	10	21
37.3292	121.6813	4	19	13.1	13	37
37.3292	121.6813	4	19	13.2	13	33
37.3292	121.6813	4	19	15.1	15	23
37.3292	121.6813	4	19	15.2	15	23
37.3292	121.6813	4	19	15.3	15	22
37.3292	121.6813	4	19	15.4	15	22
37.3292	121.6813	4	19	15.5	15	30
37.3292	121.6813	4	19	16.1	16	27
37.3292	121.6813	4	19	16.2	16	28
37.3292	121.6813	4	19	16.3	16	24
37.3292	121.6813	4	19	16.4	16	22
37.3292	121.6813	4	19	16.5	16	21
37.3292	121.6813	4	19	17.1	17	26
37.3292	121.6813	4	19	17.2	17	33
37.3292	121.6813	4	19	19.1	19	20
37.3292	121.6813	4	19	19.2	19	17
37.3292	121.6813	4	19	19.3	19	24
37.3292	121.6813	4	19	19.4	19	20
37.3292	121.6813	4	19	19.5	19	18
37.3292	121.6813	4	19	20.1	20	22
37.3292	121.6813	4	19	20.2	20	20
37.3292	121.6813	4	19	20.3	20	23
37.3292	121.6813	4	19	20.4	20	20
37.3292	121.6813	4	19	20.5	20	25
34.5615	119.5615	2	61	3.1	3	22
34.5615	119.5615	2	61	3.2	3	22
34.5615	119.5615	2	61	3.3	3	18
34.5615	119.5615	2	61	3.4	3	19
34.5615	119.5615	2	61	3.5	3	19
34.5615	119.5615	2	61	4.1	4	25
34.5615	119.5615	2	61	4.2	4	25
34.5615	119.5615	2	61	4.3	4	30
34.5615	119.5615	2	61	4.4	4	23
34.5615	119.5615	2	61	4.5	4	19
34.5615	119.5615	2	61	7.1	7	25
34.5615	119.5615	2	61	7.2	7	23
34.5615	119.5615	2	61	7.3	7	30
34.5615	119.5615	2	61	7.4	7	21
34.5615	119.5615	2	61	7.5	7	24
34.5615	119.5615	2	61	10.1	10	28
34.5615	119.5615	2	61	10.2	10	24
34.5615	119.5615	2	61	10.3	10	27
34.5615	119.5615	2	61	10.4	10	37
34.5615	119.5615	2	61	10.5	10	29
34.5615	119.5615	2	61	13.1	13	25
34.5615	119.5615	2	61	13.2	13	38
34.5615	119.5615	2	61	15.1	15	27
34.5615	119.5615	2	61	15.2	15	18
34.5615	119.5615	2	61	15.3	15	36
34.5615	119.5615	2	61	15.4	15	28
34.5615	119.5615	2	61	15.5	15	28
34.5615	119.5615	2	61	17.1	17	22
34.5615	119.5615	2	61	17.2	17	23
34.5615	119.5615	2	61	17.3	17	29
34.5615	119.5615	2	61	17.4	17	17
34.5615	119.5615	2	61	17.5	17	22
34.5615	119.5615	2	61	18.1	18	25
34.5615	119.5615	2	61	18.2	18	22
34.5615	119.5615	2	61	18.3	18	31
34.5615	119.5615	2	61	18.4	18	29
34.5615	119.5615	2	61	18.5	18	29
34.5615	119.5615	2	61	19.1	19	20
34.5615	119.5615	2	61	19.2	19	22
34.5615	119.5615	2	61	19.3	19	19
34.5615	119.5615	2	61	19.4	19	23
34.5615	119.5615	2	61	19.5	19	20
34.5615	119.5615	2	61	22.1	22	20
34.5615	119.5615	2	61	22.2	22	18
34.5615	119.5615	2	61	22.3	22	11
34.5615	119.5615	2	61	22.4	22	9
34.5615	119.5615	2	61	22.5	22	14
34.5615	119.5615	2	61	23.1	23	17
34.5615	119.5615	2	61	23.2	23	13
34.5615	119.5615	2	61	23.3	23	23
34.5615	119.5615	2	61	23.5	23	22
34.5615	119.5615	2	61	24.1	24	23
34.5615	119.5615	2	61	24.2	24	21
34.5615	119.5615	2	61	24.3	24	28
34.5615	119.5615	2	61	24.4	24	17
34.5615	119.5615	2	61	24.5	24	30
34.5615	119.5615	2	61	26.1	26	28
34.5615	119.5615	2	61	26.2	26	23
34.5615	119.5615	2	61	26.3	26	24
34.5615	119.5615	2	61	26.4	26	25
34.5615	119.5615	2	61	26.5	26	30
34.5615	119.5615	2	61	27.1	27	29
34.5615	119.5615	2	61	27.2	27	24
34.5615	119.5615	2	61	27.3	27	18
34.5615	119.5615	2	61	27.4	27	17
34.5615	119.5615	2	61	27.5	27	24
34.5615	119.5615	2	61	29.1	29	20
34.5615	119.5615	2	61	29.2	29	29
34.5615	119.5615	2	61	29.3	29	20
34.5615	119.5615	2	61	29.4	29	23
34.5615	119.5615	2	61	29.5	29	24
34.5615	119.5615	2	61	30.1	30	22
34.5615	119.5615	2	61	30.2	30	17
34.5615	119.5615	2	61	30.3	30	21
34.5615	119.5615	2	61	30.4	30	28
34.5615	119.5615	2	61	31.1	31	17
34.5615	119.5615	2	61	31.2	31	22
34.5615	119.5615	2	61	31.3	31	15
34.5615	119.5615	2	61	31.4	31	23
34.5615	119.5615	2	61	31.5	31	26
34.5615	119.5615	2	61	32.1	32	22
34.5615	119.5615	2	61	32.2	32	18
34.5615	119.5615	2	61	32.3	32	22
34.5615	119.5615	2	61	32.4	32	15
34.5615	119.5615	2	61	32.5	32	18
34.5615	119.5615	2	61	34.1	34	24
34.5615	119.5615	2	61	34.2	34	23
34.5615	119.5615	2	61	34.3	34	24
34.5615	119.5615	2	61	34.4	34	22
34.5615	119.5615	2	61	34.5	34	22
34.7392	120.0635	2	72	1.1	1	10
34.7392	120.0635	2	72	1.2	1	14
34.7392	120.0635	2	72	2.3	2	14
34.7392	120.0635	2	72	2.4	2	15
34.7392	120.0635	2	72	2.5	2	12
34.7392	120.0635	2	72	3.1	3	12
34.7392	120.0635	2	72	3.2	3	11
34.7392	120.0635	2	72	3.3	3	15
34.7392	120.0635	2	72	3.4	3	12
34.7392	120.0635	2	72	3.5	3	15
34.7392	120.0635	2	72	5.1	5	9
34.7392	120.0635	2	72	5.2	5	10
34.7392	120.0635	2	72	5.3	5	11
34.7392	120.0635	2	72	5.4	5	18
34.7392	120.0635	2	72	6.2	6	11
34.7392	120.0635	2	72	6.3	6	14
34.7392	120.0635	2	72	6.4	6	13
34.7392	120.0635	2	72	6.5	6	9
34.7392	120.0635	2	72	7.1	7	9
34.7392	120.0635	2	72	7.2	7	11
34.7392	120.0635	2	72	7.3	7	9
34.7392	120.0635	2	72	7.4	7	8
34.7392	120.0635	2	72	7.5	7	12
34.7392	120.0635	2	72	9.2	9	9
34.7392	120.0635	2	72	9.4	9	14
34.7392	120.0635	2	72	9.5	9	14
34.7392	120.0635	2	72	11.1	11	12
34.7392	120.0635	2	72	11.2	11	15
34.7392	120.0635	2	72	11.5	11	12
34.7392	120.0635	2	72	12.1	12	12
34.7392	120.0635	2	72	12.3	12	12
34.7392	120.0635	2	72	12.4	12	13
34.7392	120.0635	2	72	12.5	12	18
34.7392	120.0635	2	72	13.2	13	15
34.7392	120.0635	2	72	13.3	13	16
34.7392	120.0635	2	72	13.4	13	14
34.7392	120.0635	2	72	14.1	14	14
34.7392	120.0635	2	72	16.2	16	12
34.7392	120.0635	2	72	16.3	16	14
34.7392	120.0635	2	72	16.4	16	15
34.7392	120.0635	2	72	17.1	17	10
34.7392	120.0635	2	72	17.2	17	12
34.7392	120.0635	2	72	17.5	17	12
34.7392	120.0635	2	72	18.1	18	15
34.7392	120.0635	2	72	18.2	18	12
34.7392	120.0635	2	72	18.4	18	15
34.7392	120.0635	2	72	18.5	18	14
34.7392	120.0635	2	72	20.2	20	11
34.7392	120.0635	2	72	20.3	20	9
34.7392	120.0635	2	72	20.5	20	13
37.6388	119.9284	3	91	3.1	3	8
37.6388	119.9284	3	91	3.2	3	16
37.6388	119.9284	3	91	3.4	3	15
37.6388	119.9284	3	91	5.1	5	12
37.6388	119.9284	3	91	5.4	5	9
37.6388	119.9284	3	91	5.5	5	6
38.5845	122.3733	4	142	3.1	3	29
38.5845	122.3733	4	142	3.2	3	28
38.5845	122.3733	4	142	3.3	3	18
38.5845	122.3733	4	142	4.1	4	18
38.5845	122.3733	4	142	4.2	4	24
38.5845	122.3733	4	142	4.3	4	38
38.5845	122.3733	4	142	4.4	4	24
38.5845	122.3733	4	142	5.1	5	18
38.5845	122.3733	4	142	5.2	5	21
38.5845	122.3733	4	142	5.3	5	35
38.5845	122.3733	4	142	5.4	5	29
38.5845	122.3733	4	142	9.1	9	23
38.5845	122.3733	4	142	9.2	9	22
38.5845	122.3733	4	142	10.1	10	21
38.5845	122.3733	4	142	10.2	10	23
38.5845	122.3733	4	142	10.3	10	20
38.5845	122.3733	4	142	10.4	10	29
38.5845	122.3733	4	142	12.1	12	24
38.5845	122.3733	4	142	12.2	12	23
38.5845	122.3733	4	142	12.3	12	22
38.5845	122.3733	4	142	12.4	12	18
38.5845	122.3733	4	142	12.5	12	23
38.5845	122.3733	4	142	15.1	15	29
38.5845	122.3733	4	142	15.2	15	22
38.5845	122.3733	4	142	15.3	15	22
38.5845	122.3733	4	142	15.4	15	17
38.5845	122.3733	4	142	15.5	15	25
38.5845	122.3733	4	142	16.1	16	22
38.5845	122.3733	4	142	16.2	16	24
38.5845	122.3733	4	142	16.3	16	32
38.5845	122.3733	4	142	16.4	16	55
38.5845	122.3733	4	142	17.1	17	40
38.5845	122.3733	4	142	17.2	17	32
38.5845	122.3733	4	142	18.1	18	21
38.5845	122.3733	4	142	18.2	18	22
38.5845	122.3733	4	142	18.3	18	22
38.5845	122.3733	4	142	18.4	18	24
38.5845	122.3733	4	142	19.1	19	24
38.5845	122.3733	4	142	19.2	19	23
38.5845	122.3733	4	142	19.3	19	23
38.5845	122.3733	4	142	19.4	19	25
38.5845	122.3733	4	142	19.5	19	25
38.6441	122.3735	4	151	2.1	2	21
38.6441	122.3735	4	151	2.2	2	20
38.6441	122.3735	4	151	3.1	3	28
38.6441	122.3735	4	151	3.2	3	19
38.6441	122.3735	4	151	3.3	3	17
38.6441	122.3735	4	151	3.4	3	27
38.6441	122.3735	4	151	3.5	3	14
38.6441	122.3735	4	151	4.1	4	15
38.6441	122.3735	4	151	4.2	4	22
38.6441	122.3735	4	151	4.3	4	25
38.6441	122.3735	4	151	4.4	4	21
38.6441	122.3735	4	151	4.5	4	20
38.6441	122.3735	4	151	5.1	5	25
38.6441	122.3735	4	151	5.2	5	30
38.6441	122.3735	4	151	5.3	5	15
38.6441	122.3735	4	151	5.4	5	23
38.6441	122.3735	4	151	5.5	5	20
38.6441	122.3735	4	151	6.1	6	16
38.6441	122.3735	4	151	6.2	6	25
38.6441	122.3735	4	151	6.3	6	22
38.6441	122.3735	4	151	6.4	6	17
38.6441	122.3735	4	151	7.1	7	15
38.6441	122.3735	4	151	7.2	7	31
38.6441	122.3735	4	151	7.3	7	18
38.6441	122.3735	4	151	8.1	8	16
38.6441	122.3735	4	151	8.2	8	12
38.6441	122.3735	4	151	8.3	8	7
38.6441	122.3735	4	151	8.4	8	18
38.6441	122.3735	4	151	8.5	8	17
38.6441	122.3735	4	151	9.1	9	9
38.6441	122.3735	4	151	9.2	9	15
38.6441	122.3735	4	151	10.1	10	14
38.6441	122.3735	4	151	10.2	10	15
38.6441	122.3735	4	151	10.3	10	22
38.6441	122.3735	4	151	10.4	10	5
38.6441	122.3735	4	151	10.5	10	23
38.6441	122.3735	4	151	11.1	11	22
38.6441	122.3735	4	151	11.2	11	15
38.6441	122.3735	4	151	11.3	11	12
38.6441	122.3735	4	151	11.4	11	17
38.6441	122.3735	4	151	11.5	11	11
38.6441	122.3735	4	151	12.1	12	7
38.6441	122.3735	4	151	12.2	12	15
38.6441	122.3735	4	151	12.3	12	21
38.6441	122.3735	4	151	12.4	12	9
38.6441	122.3735	4	151	12.5	12	18
38.6441	122.3735	4	151	13.1	13	22
38.6441	122.3735	4	151	13.2	13	18
38.6441	122.3735	4	151	13.3	13	27
38.6441	122.3735	4	151	14.1	14	15
38.6441	122.3735	4	151	14.2	14	23
38.6441	122.3735	4	151	14.3	14	22
38.6441	122.3735	4	151	14.4	14	14
38.6441	122.3735	4	151	14.5	14	17
38.6441	122.3735	4	151	15.1	15	14
38.6441	122.3735	4	151	15.2	15	22
38.6441	122.3735	4	151	16.1	16	18
38.6441	122.3735	4	151	16.2	16	11
38.6441	122.3735	4	151	16.3	16	39
38.6441	122.3735	4	151	16.4	16	8
38.6441	122.3735	4	151	16.5	16	22
38.6441	122.3735	4	151	17.1	17	23
38.6441	122.3735	4	151	17.2	17	15
38.6441	122.3735	4	151	17.3	17	21
38.6441	122.3735	4	151	18.1	18	14
38.6441	122.3735	4	151	18.2	18	15
38.6441	122.3735	4	151	18.3	18	8
38.6441	122.3735	4	151	18.4	18	17
38.6441	122.3735	4	151	18.5	18	22
38.6441	122.3735	4	151	19.1	19	18
38.6441	122.3735	4	151	19.2	19	9
38.6441	122.3735	4	151	19.3	19	16
38.6441	122.3735	4	151	19.4	19	21
38.6441	122.3735	4	151	19.5	19	12
38.6441	122.3735	4	151	20.1	20	16
38.6441	122.3735	4	151	20.2	20	11
38.6441	122.3735	4	151	20.3	20	7
38.6441	122.3735	4	151	20.4	20	10
38.6441	122.3735	4	151	20.5	20	39
38.7023	122.4342	4	161	1.1	1	12
38.7023	122.4342	4	161	1.2	1	11
38.7023	122.4342	4	161	4.1	4	16
38.7023	122.4342	4	161	4.2	4	9
38.7023	122.4342	4	161	4.3	4	10
38.7023	122.4342	4	161	4.4	4	18
38.7023	122.4342	4	161	4.5	4	17
38.7023	122.4342	4	161	8.1	8	39
38.7023	122.4342	4	161	8.2	8	16
38.7023	122.4342	4	161	8.4	8	28
38.7023	122.4342	4	161	10.1	10	14
38.7023	122.4342	4	161	10.2	10	7
38.7023	122.4342	4	161	10.4	10	14
38.7023	122.4342	4	161	10.5	10	9
38.7023	122.4342	4	161	15.1	15	8
38.7023	122.4342	4	161	15.2	15	18
38.7023	122.4342	4	161	15.3	15	10
38.7023	122.4342	4	161	15.4	15	9
38.7023	122.4342	4	161	15.5	15	16
38.7023	122.4342	4	161	17.1	17	11
38.7023	122.4342	4	161	17.2	17	15
38.7023	122.4342	4	161	17.3	17	7
38.7023	122.4342	4	161	18.2	18	17
38.7023	122.4342	4	161	18.3	18	17
38.7023	122.4342	4	161	18.4	18	17
38.7023	122.4342	4	161	18.5	18	16
38.7023	122.4342	4	161	19.1	19	8
38.7023	122.4342	4	161	19.2	19	17
38.7023	122.4342	4	161	20.1	20	9
38.7023	122.4342	4	161	20.2	20	7
38.7023	122.4342	4	161	20.3	20	17
38.7023	122.4342	4	161	20.4	20	9
37.3628	121.7552	4	181	9.1	9	11
37.3628	121.7552	4	181	9.2	9	10
37.3628	121.7552	4	181	9.4	9	12
37.3628	121.7552	4	181	11.1	11	17
37.3628	121.7552	4	181	11.2	11	12
37.3628	121.7552	4	181	12.1	12	12
37.3628	121.7552	4	181	12.2	12	18
37.3628	121.7552	4	181	14.1	14	15
37.3628	121.7552	4	181	14.4	14	15
37.3628	121.7552	4	181	16.1	16	15
37.3628	121.7552	4	181	16.2	16	16
37.3628	121.7552	4	181	17.1	17	12
37.3628	121.7552	4	181	17.2	17	15
37.3628	121.7552	4	181	17.3	17	18
37.3628	121.7552	4	181	17.4	17	12
37.3628	121.7552	4	181	18.1	18	17
37.3628	121.7552	4	181	18.3	18	11
37.3628	121.7552	4	181	18.4	18	16
34.1217	118.1218	2	202	1.1	1	14
34.1217	118.1218	2	202	1.4	1	13
34.1217	118.1218	2	202	2.1	2	25
34.1217	118.1218	2	202	2.2	2	12
34.1217	118.1218	2	202	2.3	2	12
34.1217	118.1218	2	202	2.5	2	14
34.1217	118.1218	2	202	3.1	3	12
34.1217	118.1218	2	202	3.2	3	9
34.1217	118.1218	2	202	3.4	3	14
34.1217	118.1218	2	202	3.5	3	12
34.1217	118.1218	2	202	4.1	4	14
34.1217	118.1218	2	202	4.3	4	12
34.1217	118.1218	2	202	4.4	4	12
34.1217	118.1218	2	202	4.5	4	15
34.1217	118.1218	2	202	5.2	5	13
34.1217	118.1218	2	202	5.3	5	15
34.1217	118.1218	2	202	5.5	5	9
34.1217	118.1218	2	202	6.2	6	20
34.1217	118.1218	2	202	6.3	6	11
34.1217	118.1218	2	202	7.1	7	15
34.1217	118.1218	2	202	7.3	7	12
34.1217	118.1218	2	202	7.4	7	15
34.1217	118.1218	2	202	7.5	7	14
34.1217	118.1218	2	202	9.3	9	12
34.1217	118.1218	2	202	9.4	9	14
37.6548	119.8864	3	203	11.1	11	15
37.6548	119.8864	3	203	11.2	11	16
37.6548	119.8864	3	203	11.3	11	14
37.6548	119.8864	3	203	20.1	20	16
37.6548	119.8864	3	203	20.4	20	15
37.6548	119.8864	3	203	20.5	20	13
37.6548	119.8864	3	203	62.1	62	9
37.6548	119.8864	3	203	62.2	62	16
37.6548	119.8864	3	203	62.3	62	13
37.6548	119.8864	3	203	62.4	62	14
37.6548	119.8864	3	203	98.2	98	15
37.6548	119.8864	3	203	98.3	98	14
37.6548	119.8864	3	203	98.4	98	13
37.6548	119.8864	3	203	102.3	102	15
37.6548	119.8864	3	203	102.4	102	14
37.6548	119.8864	3	203	102.5	102	15
37.6548	119.8864	3	203	133.1	133	5
37.6548	119.8864	3	203	133.3	133	10
37.6548	119.8864	3	203	133.4	133	3
37.6548	119.8864	3	203	133.5	133	10
37.6548	119.8864	3	203	139.1	139	12
37.6548	119.8864	3	203	139.5	139	6
37.6548	119.8864	3	203	143.2	143	11
37.6548	119.8864	3	203	143.3	143	14
37.6548	119.8864	3	203	143.4	143	12
37.6548	119.8864	3	203	143.5	143	10
37.6548	119.8864	3	203	150.1	150	14
37.6548	119.8864	3	203	150.2	150	14
37.6548	119.8864	3	203	150.5	150	16
37.6548	119.8864	3	203	165.1	165	12
37.6548	119.8864	3	203	165.3	165	15
37.6548	119.8864	3	203	165.5	165	6
37.6548	119.8864	3	203	168.1	168	13
37.6548	119.8864	3	203	168.2	168	11
37.6548	119.8864	3	203	168.3	168	15
37.6548	119.8864	3	203	168.4	168	15
37.6548	119.8864	3	203	171.2	171	15
37.6548	119.8864	3	203	171.3	171	15
37.6548	119.8864	3	203	174.1	174	14
37.6548	119.8864	3	203	174.3	174	13
37.6548	119.8864	3	203	174.4	174	15
37.6548	119.8864	3	203	177.3	177	10
37.6548	119.8864	3	203	177.4	177	14
37.6548	119.8864	3	203	177.5	177	12
37.6548	119.8864	3	203	193.2	193	7
37.6548	119.8864	3	203	193.5	193	15
37.6548	119.8864	3	203	234.1	234	16
37.6548	119.8864	3	203	234.2	234	18
37.6548	119.8864	3	203	234.5	234	15
37.502	120.1236	3	204	1.1	1	11
37.502	120.1236	3	204	1.2	1	11
37.502	120.1236	3	204	1.3	1	11
37.502	120.1236	3	204	1.4	1	14
37.502	120.1236	3	204	1.5	1	14
37.502	120.1236	3	204	3.1	3	14
37.502	120.1236	3	204	3.2	3	15
37.502	120.1236	3	204	3.3	3	12
37.502	120.1236	3	204	3.4	3	9
37.502	120.1236	3	204	3.5	3	7
37.502	120.1236	3	204	4.1	4	5
37.502	120.1236	3	204	4.2	4	10
37.502	120.1236	3	204	4.3	4	7
37.502	120.1236	3	204	4.4	4	13
37.502	120.1236	3	204	4.5	4	3
37.502	120.1236	3	204	5.2	5	9
37.502	120.1236	3	204	5.3	5	6
37.502	120.1236	3	204	5.4	5	8
37.502	120.1236	3	204	5.5	5	10
37.502	120.1236	3	204	6.1	6	14
37.502	120.1236	3	204	6.2	6	9
37.502	120.1236	3	204	6.3	6	14
37.502	120.1236	3	204	6.4	6	12
37.502	120.1236	3	204	6.5	6	9
37.502	120.1236	3	204	7.1	7	16
37.502	120.1236	3	204	7.2	7	15
37.502	120.1236	3	204	7.3	7	15
37.502	120.1236	3	204	7.4	7	15
37.502	120.1236	3	204	7.5	7	14
37.502	120.1236	3	204	8.3	8	15
37.502	120.1236	3	204	8.4	8	11
37.502	120.1236	3	204	9.1	9	10
37.502	120.1236	3	204	9.1	9	12
37.502	120.1236	3	204	9.2	9	14
37.502	120.1236	3	204	9.3	9	15
37.502	120.1236	3	204	9.4	9	7
37.502	120.1236	3	204	9.4	9	10
37.502	120.1236	3	204	9.4	9	10
37.502	120.1236	3	204	9.5	9	11
37.502	120.1236	3	204	9.5	9	15
37.502	120.1236	3	204	11.1	11	14
37.502	120.1236	3	204	11.2	11	13
37.502	120.1236	3	204	12.1	12	12
37.502	120.1236	3	204	12.3	12	12
37.502	120.1236	3	204	12.4	12	15
37.502	120.1236	3	204	12.5	12	14
