Latitude	Longitude	Region	Population	Id	Family	Stage_of_anther_stigma_contact
34.4315	118.6299	2	1	3.2	3	3
34.4315	118.6299	2	1	3.3	3	4
34.4315	118.6299	2	1	4.1	4	3.5
34.4315	118.6299	2	1	4.2	4	3
34.4315	118.6299	2	1	6.1	6	4
34.4315	118.6299	2	1	6.4	6	4
34.4315	118.6299	2	1	8.3	8	4
34.4315	118.6299	2	1	8.5	8	4
34.4315	118.6299	2	1	9.4	9	4
34.4315	118.6299	2	1	9.5	9	4
34.4315	118.6299	2	1	10.1	10	4
34.4315	118.6299	2	1	10.3	10	3.5
34.4315	118.6299	2	1	11.2	11	4
34.4315	118.6299	2	1	11.3	11	4
34.4315	118.6299	2	1	12.1	12	4
34.4315	118.6299	2	1	12.3	12	4
34.4315	118.6299	2	1	13.3	13	4
34.4315	118.6299	2	1	13.5	13	4
34.4315	118.6299	2	1	14.1	14	4
34.4315	118.6299	2	1	14.3	14	3
34.4315	118.6299	2	1	15.1	15	3
34.4315	118.6299	2	1	15.2	15	3.5
34.4315	118.6299	2	1	16.2	16	3.5
34.4315	118.6299	2	1	16.5	16	2.5
34.4315	118.6299	2	1	18.3	18	4
34.4315	118.6299	2	1	18.5	18	3
33.5165	117.3381	1	3	1.1	1	3
33.5165	117.3381	1	3	1.2	1	3
33.5165	117.3381	1	3	2.2	2	3.5
33.5165	117.3381	1	3	2.3	2	2.5
33.5165	117.3381	1	3	3.1	3	3
33.5165	117.3381	1	3	4.1	4	3
33.5165	117.3381	1	3	4.4	4	3
33.5165	117.3381	1	3	5.2	5	3
33.5165	117.3381	1	3	5.5	5	3
33.5165	117.3381	1	3	6.1	6	3
33.5165	117.3381	1	3	7.1	7	3
33.5165	117.3381	1	3	7.2	7	3
33.5165	117.3381	1	3	9.4	9	3
33.5165	117.3381	1	3	9.5	9	3.5
33.5165	117.3381	1	3	10.2	10	3
33.5165	117.3381	1	3	10.3	10	3.5
33.5165	117.3381	1	3	12.1	12	2.5
33.5165	117.3381	1	3	12.4	12	3
33.5165	117.3381	1	3	13.1	13	3
33.5165	117.3381	1	3	13.2	13	3
33.5165	117.3381	1	3	14.1	14	3
33.5165	117.3381	1	3	14.4	14	3.5
33.5165	117.3381	1	3	16.1	16	3
33.5165	117.3381	1	3	16.3	16	3.5
33.5165	117.3381	1	3	18.1	18	3
33.5165	117.3381	1	3	18.2	18	3
33.5165	117.3381	1	3	3,x	3	3
33.5165	117.3381	1	3	6,x	6	2.5
34.5239	119.8335	2	5	7.3	7	3.5
34.5239	119.8335	2	5	7.5	7	4
34.5239	119.8335	2	5	17.2	5217	3
34.5239	119.8335	2	5	17.3	5217	3
34.5239	119.8335	2	5	19.1	5219	2
34.5239	119.8335	2	5	19.2	5219	2.5
34.7411	120.0136	2	7	4.2	4	3
34.7411	120.0136	2	7	5.2	5	3
34.7411	120.0136	2	7	6.1	6	2
34.7411	120.0136	2	7	7.1	7	3.5
34.7411	120.0136	2	7	10.3	10	3
34.7411	120.0136	2	7	12.1	12	3.5
34.7411	120.0136	2	7	13.1	13	3
34.7411	120.0136	2	7	15.1	15	3
34.7411	120.0136	2	7	16.1	16	3
34.7411	120.0136	2	7	17.4	17	3
34.7411	120.0136	2	7	18.1	18	3.5
34.7411	120.0136	2	7	21.1	21	3
34.7411	120.0136	2	7	22.2	22	2.5
34.7411	120.0136	2	7	23.5	23	2.5
34.7411	120.0136	2	7	10,x	10	3
34.7411	120.0136	2	7	12,x	12	3
34.7411	120.0136	2	7	13,x	13	3
34.7411	120.0136	2	7	15,x	15	3.5
34.7411	120.0136	2	7	16,x	16	3
34.7411	120.0136	2	7	17,x	17	3
34.7411	120.0136	2	7	18,x	18	3
34.7411	120.0136	2	7	21,x	21	3
34.7411	120.0136	2	7	22,x	22	2.5
34.7411	120.0136	2	7	23,x	23	3
34.7411	120.0136	2	7	4,x	4	3
34.7411	120.0136	2	7	5,x	5	3
34.7411	120.0136	2	7	6,x	6	2.5
34.7411	120.0136	2	7	7,x	7	3.5
37.6508	212.6025	4	8	2.1	2	3.5
37.6508	212.6025	4	8	2.4	2	3
37.6508	212.6025	4	8	6.2	6	2
37.6508	212.6025	4	8	6.3	6	3
34.5615	119.5615	3	10	1.1	1	3
37.5768	119.9486	3	10	1.2	1	3.5
37.5768	119.9486	3	10	3.2	3	3.5
37.5768	119.9486	3	10	3.5	3	2
37.5768	119.9486	3	10	4.1	4	3
37.5768	119.9486	3	10	4.3	4	3
37.5768	119.9486	3	10	9.2	9	3
37.5768	119.9486	3	10	9.4	9	3
37.5768	119.9486	3	10	11.1	11	3
37.5768	119.9486	3	10	11.2	11	2.5
37.5768	119.9486	3	10	14.3	14	2
37.5768	119.9486	3	10	14.4	14	3
37.5768	119.9486	3	10	15.1	15	3
37.5768	119.9486	3	10	15.3	15	4
37.5768	119.9486	3	10	16.1	16	4
37.5768	119.9486	3	10	16.2	16	3.5
37.5768	119.9486	3	10	19.1	19	3
37.5768	119.9486	3	10	19.3	19	3
37.5023	120.0687	3	11	2.1	2	3.5
37.5023	120.0687	3	11	2.4	2	3
37.5023	120.0687	3	11	4.1	4	2.5
37.5023	120.0687	3	11	4.4	4	3
37.5023	120.0687	3	11	6.1	6	3
37.5023	120.0687	3	11	6.2	6	2
37.5023	120.0687	3	11	7.1	7	3
37.5023	120.0687	3	11	7.3	7	2.5
37.5023	120.0687	3	11	11.1	11	3
37.5023	120.0687	3	11	11.5	11	2.5
37.5023	120.0687	3	11	12.1	12	1
37.5023	120.0687	3	11	12.2	12	2
37.5023	120.0687	3	11	15.2	15	1
37.5023	120.0687	3	11	15.3	15	3
37.5023	120.0687	3	11	16.2	16	3
37.5023	120.0687	3	11	16.3	16	3
37.5023	120.0687	3	11	17.3	17	3
37.5023	120.0687	3	11	20.1	20	2
37.5023	120.0687	3	11	20.3	20	2
37.5023	120.0687	3	11	17,x	17	3
37.1794	119.5124	3	13	1.2	1	3.5
37.1794	119.5124	3	13	1.3	1	4
37.1794	119.5124	3	13	2.2	2	4
37.1794	119.5124	3	13	2.4	2	4
37.1794	119.5124	3	13	4.2	4	3.5
37.1794	119.5124	3	13	4.3	4	3.5
37.1794	119.5124	3	13	5.1	5	3
37.1794	119.5124	3	13	5.2	5	4
37.1794	119.5124	3	13	6.2	6	2
37.1794	119.5124	3	13	6.5	6	3
37.1794	119.5124	3	13	10.2	10	4
37.1794	119.5124	3	13	10.3	10	3.5
37.1794	119.5124	3	13	11.2	11	3
37.1794	119.5124	3	13	11.4	11	4
37.1794	119.5124	3	13	17.1	17	3.5
37.1794	119.5124	3	13	17.2	17	2.5
37.1794	119.5124	3	13	19.1	19	3
37.1794	119.5124	3	13	19.2	19	3.5
38.7238	112.266	4	17	4.1	4	3
38.7238	112.266	4	17	4.5	4	3
38.7238	112.266	4	17	5.1	5	3
38.7238	112.266	4	17	5.3	5	3.5
38.7238	112.266	4	17	6.1	6	3
38.7238	112.266	4	17	6.2	6	4
38.7238	112.266	4	17	8.1	8	3
38.7238	112.266	4	17	8.2	8	3
38.7238	112.266	4	17	9.1	9	3
38.7238	112.266	4	17	9.2	9	3.5
38.7238	112.266	4	17	13.1	13	4
38.7238	112.266	4	17	13.3	13	3.5
38.7238	112.266	4	17	15.3	15	3.5
38.7238	112.266	4	17	15.5	15	3
37.3292	121.6813	4	19	2.1	2	3
37.3292	121.6813	4	19	2.2	2	2.5
37.3292	121.6813	4	19	3.1	3	3.5
37.3292	121.6813	4	19	3.2	3	3
37.3292	121.6813	4	19	5.1	5	3
37.3292	121.6813	4	19	5.2	5	3.5
37.3292	121.6813	4	19	9.1	9	3.5
37.3292	121.6813	4	19	9.2	9	3
37.3292	121.6813	4	19	10.2	10	3
37.3292	121.6813	4	19	10.4	10	3.5
37.3292	121.6813	4	19	15.3	15	3.5
37.3292	121.6813	4	19	15.4	15	3
37.3292	121.6813	4	19	16.2	16	3
37.3292	121.6813	4	19	16.3	16	3
37.3292	121.6813	4	19	19.2	19	3
37.3292	121.6813	4	19	19.4	19	3
34.5615	119.5615	2	61	3.2	3	2.5
34.5615	119.5615	2	61	3.3	3	3
34.5615	119.5615	2	61	4.1	4	4
34.5615	119.5615	2	61	4.4	4	3
34.5615	119.5615	2	61	10.2	10	3
34.5615	119.5615	2	61	10.3	10	2
34.5615	119.5615	2	61	17.3	17	3
34.5615	119.5615	2	61	17.4	17	3.5
34.5615	119.5615	2	61	19.3	19	3
34.5615	119.5615	2	61	19.5	19	4
34.5615	119.5615	2	61	22.1	22	3.5
34.5615	119.5615	2	61	22.3	22	3
34.5615	119.5615	2	61	23.2	23	3
34.5615	119.5615	2	61	23.5	23	3
34.5615	119.5615	2	61	24.3	24	2.5
34.5615	119.5615	2	61	24.4	24	3
34.5615	119.5615	2	61	26.2	26	3.5
34.5615	119.5615	2	61	26.3	26	3.5
34.5615	119.5615	2	61	27.1	27	2
34.5615	119.5615	2	61	27.4	27	3
34.5615	119.5615	2	61	29.2	29	3
34.5615	119.5615	2	61	29.3	29	3.5
34.5615	119.5615	2	61	30.1	30	2.5
34.5615	119.5615	2	61	30.2	30	2.5
34.5615	119.5615	2	61	31.3	31	3.5
34.5615	119.5615	2	61	31.5	31	2.5
34.5615	119.5615	2	61	32.3	32	3
34.5615	119.5615	2	61	32.4	32	3.5
34.5615	119.5615	2	61	34.4	34	3.5
34.5615	119.5615	2	61	34.5	34	2
38.5845	122.3733	4	142	3.2	3	3
38.5845	122.3733	4	142	3.3	3	3.5
38.5845	122.3733	4	142	4.1	4	3
38.5845	122.3733	4	142	4.2	4	3
38.5845	122.3733	4	142	5.1	5	3
38.5845	122.3733	4	142	5.4	5	3
38.5845	122.3733	4	142	10.1	10	3
38.5845	122.3733	4	142	10.3	10	3.5
38.5845	122.3733	4	142	12.2	12	3.5
38.5845	122.3733	4	142	12.4	12	4
38.5845	122.3733	4	142	15.1	15	3
38.5845	122.3733	4	142	15.5	15	4
38.5845	122.3733	4	142	16.3	16	4
38.5845	122.3733	4	142	16.4	16	4
38.5845	122.3733	4	142	18.1	18	4
38.5845	122.3733	4	142	18.4	18	3
38.5845	122.3733	4	142	19.1	19	3.5
38.5845	122.3733	4	142	19.2	19	2.5
38.6441	122.3735	4	151	3.2	3	3
38.6441	122.3735	4	151	3.3	3	4
38.6441	122.3735	4	151	4.1	4	3
38.6441	122.3735	4	151	4.5	4	3.5
38.6441	122.3735	4	151	5.3	5	3
38.6441	122.3735	4	151	5.5	5	4
38.6441	122.3735	4	151	8.2	8	3
38.6441	122.3735	4	151	8.3	8	4
38.6441	122.3735	4	151	9.1	9	3
38.6441	122.3735	4	151	9.2	9	4
38.6441	122.3735	4	151	10.2	10	3
38.6441	122.3735	4	151	10.3	10	2
38.6441	122.3735	4	151	11.3	11	3
38.6441	122.3735	4	151	11.5	11	2.5
38.6441	122.3735	4	151	12.3	12	2.5
38.6441	122.3735	4	151	12.4	12	3
38.6441	122.3735	4	151	13.1	13	3
38.6441	122.3735	4	151	13.2	13	3
38.6441	122.3735	4	151	14.3	14	3
38.6441	122.3735	4	151	14.4	14	3
38.6441	122.3735	4	151	17.1	17	3
38.6441	122.3735	4	151	17.2	17	3
38.6441	122.3735	4	151	18.1	18	3
38.6441	122.3735	4	151	18.2	18	3
38.6441	122.3735	4	151	19.1	19	4
38.6441	122.3735	4	151	19.2	19	4
38.6441	122.3735	4	151	20.4	20	2.5
38.6441	122.3735	4	151	20.5	20	3
