year	date	species	pop	subpop	patch	pollen	stage	ASD	GAD	GSDl	GSDc	GSDr	GW	GHl	GHr	UBL	UBW	LBL	LBW	resincollected	GA	UBA	GSD
2014	13.10.2014	S	S1	S1	B	NA	1	2.26	0.77	NA	3.5	NA	4.75	2.62	2.34	12.22	12.56	13.16	10.91	NA	11.78	153.48	3.5
2014	13.10.2014	S	S1	S1	C	NA	1	4.22	5.35	NA	4.77	NA	6.38	2.72	2.81	16.88	15.89	17.59	15.33	NA	17.64	268.22	4.77
2014	13.10.2014	S	S1	S1	D	NA	1	2.15	6.11	NA	6.13	NA	6.49	3.5	3.45	18.14	17.27	18.17	18.03	NA	22.55	313.28	6.13
2014	13.10.2014	S	S1	S1	D	NA	3	1.87	5.43	NA	6.91	NA	6.98	3.76	3.81	22.13	20.81	22.52	22.07	1	26.42	460.53	6.91
2014	13.10.2014	S	S1	S1	E	NA	1	2.63	6.49	NA	6.89	NA	7.47	3.49	3.71	24.27	23.18	23.28	22.67	NA	26.89	562.58	6.89
2014	13.10.2014	S	S1	S1	E	NA	1	3.4	5.09	NA	5.95	NA	6.86	3.7	3.56	18	17.75	15.89	16	NA	24.9	319.5	5.95
2014	13.10.2014	S	S1	S1	D	NA	1	3.31	5.39	NA	7.31	NA	8.07	4.2	4.28	NA	24.52	24.18	23.55	1	34.22	NA	7.31
2014	27.10.2014	S	S6	S6	6	NA	3	NA	NA	NA	5.66	NA	7.18	3.01	3	21.06	18.32	20.49	18.67	1	21.58	385.82	5.66
2014	27.10.2014	S	S6	S6	13	NA	1	0.3	5.99	NA	6.94	NA	5.37	2.62	2.53	23.44	20.46	24.39	20.63	0	13.83	479.58	6.94
2014	06.11.2014	S	S9	S10	6	40	3	3.9	5.56	NA	4.81	NA	7.4	3.89	3.92	26.26	20.03	26.06	19.04	1	28.9	525.99	4.81
2014	06.11.2014	S	S9	S10	NA	NA	1	3.38	4.64	NA	4.81	NA	7.99	4.01	4.09	23.37	20.99	21.74	19.8	1	32.36	490.54	4.81
2014	06.11.2014	S	S9	S10	NA	NA	1	NA	NA	NA	5.09	NA	7.83	3.87	3.84	24.11	21.67	24.58	23.88	1	30.18	522.46	5.09
2014	06.11.2014	S	S9	S10	NA	NA	3	3.53	5.3	NA	5.48	NA	7.81	3.61	3.48	25.56	24.19	23.14	23.23	1	27.69	618.3	5.48
2014	06.11.2014	S	S8	S8	2	30	2	3.84	4.6	NA	4.6	NA	8.13	4.24	4.22	23.06	21.85	25.52	22.65	1	34.39	503.86	4.6
2014	06.11.2014	S	S8	S8	1	4	1	5.79	7.37	NA	6.22	NA	8.25	3.9	4.21	26.77	24.45	27.31	22.83	1	33.45	654.53	6.22
2014	06.11.2014	S	S8	S8	3	10	1	3.57	3.6	NA	4.7	NA	5.94	2.46	2.47	18.75	16.61	19.18	16.37	1	14.64	311.44	4.7
2014	06.11.2014	S	S8	S8	6	NA	1	3.17	5.87	NA	NA	NA	7.9	3.79	3.67	25.19	24.7	27.13	24.96	0	29.47	622.19	NA
2014	06.11.2014	S	S8	S8	6	NA	1	4.3	5.42	NA	4.27	NA	6.12	3.24	3.39	22.55	21.7	24.06	20.85	0	20.29	489.34	4.27
2014	06.11.2014	S	S8	S8	7	NA	1	4.55	5.41	NA	4.32	NA	6.56	3.06	3.21	22.31	22.22	25.62	22.93	1	20.57	495.73	4.32
2014	06.11.2014	S	S8	S8	7	NA	1	5.36	4.58	NA	5.02	NA	7.38	3.21	3.12	24.04	23.3	26.47	25.47	1	23.36	560.13	5.02
2014	06.11.2014	S	S9	S10	Stubbe	NA	1	3.08	7.22	NA	6.23	NA	7.07	3.26	3.36	19.75	19.97	19.62	19.46	1	23.4	394.41	6.23
2014	07.11.2014	S	S9	S10	NA	NA	1	3.29	5.16	NA	5.42	NA	7.01	3.07	3.12	21.71	20.88	21.57	20.97	0	21.7	453.3	5.42
2014	07.11.2014	S	S9	S10	NA	NA	3	3.18	4.56	NA	5.2	NA	7.65	3.54	3.64	27.3	24.77	28.15	24.15	1	27.46	676.22	5.2
2014	08.11.2014	S	S8	S8	17	NA	1	4.55	5.64	NA	4.67	NA	6.99	3.23	3.18	16.89	17.53	17.88	16.87	NA	22.4	296.08	4.67
2014	08.11.2014	S	S8	S8	5	NA	1	4.77	3.85	NA	4.82	NA	6.77	3	2.98	18.57	18.26	17.86	17.15	NA	20.24	339.09	4.82
2014	09.11.2014	S	68	68	NA	NA	1	1.67	2.84	NA	5.32	NA	6.69	3.38	3.19	14.58	15.9	16.56	16.85	NA	21.98	231.82	5.32
2014	09.11.2014	S	68	68	NA	NA	1	3.47	3.26	NA	6.94	NA	7.17	3.86	3.76	20.43	20.33	23.06	21.74	NA	27.32	415.34	6.94
2014	09.11.2014	S	68	68	NA	NA	1	3.11	5.08	NA	4.93	NA	6.31	3.4	3.58	17	17.22	17.81	18.31	NA	22.02	292.74	4.93
2014	14.11.2014	S	S8	S8	7	NA	1	4.7	5.16	NA	4.75	NA	7.49	3.48	3.48	16.85	18.31	19.21	20.62	NA	26.07	308.52	4.75
2014	17.11.2014	S	S11	S11	NA	NA	5	NA	NA	NA	NA	NA	5.64	3	2.72	16.94	18.03	19.21	18.81	NA	16.13	305.43	NA
2014	17.11.2014	S	S11	S11	NA	NA	8	NA	NA	NA	NA	NA	5.83	2.81	2.6	24.97	22.6	23.77	21.67	NA	15.77	564.32	NA
2014	17.11.2014	S	S11	S11	NA	NA	4	NA	NA	NA	3.98	NA	6.05	2.89	2.81	19.97	18.78	21.41	17.96	NA	17.24	375.04	3.98
2014	17.11.2014	S	S12	S12	NA	NA	1	2.31	3.58	NA	4.99	NA	7.04	3.35	3.65	14.48	15.69	15.54	16.34	NA	24.64	227.19	4.99
2014	17.11.2014	S	S12	S12	NA	NA	1	3.17	3.29	NA	4.78	NA	6.9	2.88	3.23	13.78	15.22	13.35	15.44	NA	21.08	209.73	4.78
2014	17.11.2014	S	S12	S12	NA	NA	1	3.85	3.99	NA	5.25	NA	6.06	3.11	2.74	12.72	13.69	14.39	15.3	NA	17.73	174.14	5.25
2014	17.11.2014	S	S12	S12	NA	NA	1	2.18	4.87	NA	6.62	NA	7.45	3.41	3.61	14.01	16.07	14.45	15.9	NA	26.15	225.14	6.62
2014	17.11.2014	S	S12	S12	NA	NA	2	1.81	4.94	NA	6.18	NA	7.14	3.55	3.35	16.54	17.72	18.02	18.59	NA	24.63	293.09	6.18
2014	17.11.2014	S	S12	S12	NA	NA	3	3.09	3.27	NA	4.84	NA	5.7	2.7	2.25	15.74	15.93	14.78	14.93	NA	14.11	250.74	4.84
2014	17.11.2014	S	S12	S12	NA	NA	2	NA	NA	NA	4.78	NA	5.99	2.89	2.6	13.08	13.79	14.93	15.4	NA	16.44	180.37	4.78
2014	17.11.2014	S	S12	S12	NA	NA	3	NA	NA	NA	6.61	NA	7.07	3.32	3.3	14.3	17.06	17.16	17.78	NA	23.4	243.96	6.61
2014	17.11.2014	S	S4	S4	NA	NA	2	NA	NA	NA	5.88	NA	7.02	3.38	3.27	17.3	16.77	19.92	17.47	NA	23.34	290.12	5.88
2014	17.11.2014	S	S4	S4	NA	NA	3	4.01	6.59	NA	7.38	NA	7.05	3.69	3.46	22.76	20.33	23.91	21.45	NA	25.2	462.71	7.38
2014	17.11.2014	S	S4	S4	NA	NA	1	8.24	2.9	NA	6.97	NA	7.84	3.11	3.5	21.74	NA	23.97	20.96	NA	25.91	NA	6.97
2014	17.11.2014	S	S4	S4	NA	NA	1	3.71	4.13	NA	6.6	NA	7.1	3.71	3.82	20.39	18.11	21.96	19.13	NA	26.73	369.26	6.6
2014	17.11.2014	S	S4	S4	NA	NA	2	4.74	5.12	NA	2.33	NA	6.3	2.72	2.91	NA	18.37	20.4	18.7	NA	17.73	NA	2.33
2014	18.11.2014	S	S2	S2	NA	NA	1	4.09	5.43	NA	5.29	NA	6.25	3.14	3.25	18.07	18.86	16.28	18.97	NA	19.97	340.8	5.29
2014	18.11.2014	S	S2	S2	NA	NA	3	NA	NA	NA	5.84	NA	7.41	3.81	3.53	24.71	26.91	24.64	28.8	NA	27.19	664.95	5.84
2014	18.11.2014	S	S2	S2	NA	NA	1	3.12	4.47	NA	6.03	NA	6.82	3.74	3.43	18.55	20.27	20.99	22	NA	24.45	376.01	6.03
2014	18.11.2014	S	S2	S2	NA	NA	2	2.68	3.5	NA	4.8	NA	6.83	4.2	4.07	18.45	18.33	19.01	20	NA	28.24	338.19	4.8
2014	18.11.2014	S	S2	S2	NA	NA	1	1.99	3.97	NA	5.29	NA	6.6	3.61	3.34	22.12	23.32	24.69	25.12	NA	22.94	515.84	5.29
2014	18.11.2014	S	S2	S2	NA	NA	2	3.71	3.91	NA	5.26	NA	6.39	3.04	3.23	19.23	20.04	20.24	21.1	NA	20.03	385.37	5.26
2014	18.11.2014	S	S2	S2	NA	NA	1	3.38	5.21	NA	5.53	NA	6.17	2.96	3.28	17.86	18.74	19.47	21.46	NA	19.25	334.7	5.53
2014	18.11.2014	S	S2	S2	NA	NA	1	1.88	6.01	NA	5.97	NA	6.86	3.3	3.27	19.91	19.13	18.7	18.98	NA	22.54	380.88	5.97
2014	18.11.2014	S	S2	S2	NA	NA	2	3.69	4.83	NA	5.72	NA	7.14	3.18	3.38	16.78	16.43	17.49	17.85	NA	23.42	275.7	5.72
2014	18.11.2014	S	S2	S2	NA	NA	1	2.22	5.81	NA	6.46	NA	7.31	3.51	3.22	19.68	18.72	20.21	19.71	NA	24.6	368.41	6.46
2014	19.11.2014	S	S2	S2	NA	NA	2	3.15	4.72	NA	5.31	NA	7.09	3.57	3.66	19.59	20.1	19.08	21	NA	25.63	393.76	5.31
2014	19.11.2014	S	S2	S2	NA	NA	2	2.77	3.6	NA	3.82	NA	6.72	3.98	3.99	19.63	18.08	17.35	15.54	NA	26.78	354.91	3.82
2014	19.11.2014	S	S2	S2	NA	NA	1	3.26	4.09	NA	5.68	NA	6.78	2.79	2.66	17.65	17.02	20.32	18.16	NA	18.48	300.4	5.68
2014	20.11.2014	S	S2	S2	NA	NA	1	3.98	5.54	NA	5.05	NA	6.34	3.55	3.51	21.08	19.81	23.24	23.82	NA	22.38	417.59	5.05
2014	20.11.2014	S	S2	S2	NA	NA	2	2.61	4.14	NA	5.61	NA	6.57	3.31	3.09	21.62	19.95	22.51	22.14	NA	21.02	431.32	5.61
2014	21.11.2014	S	S2	S2	NA	NA	1	1.77	3.26	NA	4.55	NA	5.17	2.63	2.41	15.61	15.7	17.07	15.95	NA	13.03	245.08	4.55
2014	21.11.2014	S	S2	S2	NA	NA	1	3.74	3.31	NA	4.6	NA	7.05	3.03	3.25	14.03	15.64	15.12	15.86	NA	22.14	219.43	4.6
2014	26.11.2014	S	S1	S1	NA	NA	2	2.01	5.5	NA	6.33	NA	7.03	2.95	3.42	20.79	20.07	23.67	23.78	NA	22.39	417.26	6.33
2014	26.11.2014	S	S1	S1	NA	NA	1	1.07	4.83	NA	5.53	NA	6.34	3.09	2.95	17.97	18.7	16.48	19.39	NA	19.15	336.04	5.53
2014	26.11.2014	S	S1	S1	NA	NA	1	1.78	5.56	NA	6.31	NA	7.03	3.08	3.22	19.89	21.91	21	21.74	NA	22.14	435.79	6.31
2014	26.11.2014	S	S1	S1	NA	NA	3	1.8	6.7	NA	8.09	NA	7.74	3.83	4.02	23.53	22.03	23.93	24.76	NA	30.38	518.37	8.09
2014	26.11.2014	S	S1	S1	NA	NA	1	3.25	4.57	NA	5.44	NA	6.22	3.16	3.14	16.31	15.59	18.84	17.12	NA	19.59	254.27	5.44
2014	26.11.2014	S	S1	S1	NA	NA	2	2.39	5.9	NA	5.76	NA	7.05	3.23	3.34	16.89	16.51	16.78	16.3	NA	23.16	278.85	5.76
2014	26.11.2014	S	S1	S1	NA	NA	3	2.4	5.33	NA	6.48	NA	6.72	3.15	3.17	20.46	20.35	20.12	18.87	NA	21.24	416.36	6.48
2014	26.11.2014	S	S1	S1	NA	NA	3	1.12	6.95	NA	7.23	NA	7.06	3.45	3.59	25.14	23.35	27.07	24.2	NA	24.85	587.02	7.23
2014	27.11.2014	S	S1	S1	NA	NA	2	2.1	5.48	NA	4.79	NA	7.48	2.92	3.61	21.17	20.2	25.87	24.75	NA	24.42	427.63	4.79
2014	27.11.2014	S	S1	S1	NA	NA	2	0.36	6.11	NA	7.74	NA	6.98	3.33	3.54	21.83	20.51	23.87	21.01	NA	23.98	447.73	7.74
2014	27.11.2014	S	S1	S1	NA	NA	2	1.22	4.02	NA	5.37	NA	5.88	3.14	2.51	17.28	17.11	17.93	16.77	NA	16.61	295.66	5.37
2014	27.11.2014	S	S1	S1	NA	NA	1	1.5	4.79	NA	6.94	NA	6.49	2.91	2.94	21.52	19.36	24.93	20.64	NA	18.98	416.63	6.94
2014	27.11.2014	S	S1	S1	NA	NA	1	1.77	4.6	NA	6.9	NA	6.16	3.43	3.43	21.63	19.65	20.63	19.4	NA	21.13	425.03	6.9
2014	27.11.2014	S	S1	S1	NA	NA	1	2.79	3.45	NA	4.68	NA	5.48	2.72	2.5	15.61	16.1	16.25	17.83	NA	14.3	251.32	4.68
2014	27.11.2014	S	S1	S1	NA	NA	2	0.62	5	NA	6.58	NA	5.59	2.72	2.89	19.96	17.97	21.19	19.42	NA	15.68	358.68	6.58
2014	27.11.2014	S	S1	S1	NA	NA	1	1.82	4.79	NA	6.51	NA	6.33	3.31	3.46	20.76	19.64	19.67	21.24	NA	21.43	407.73	6.51
2014	27.11.2014	S	S1	S1	NA	NA	1	2.74	3.62	NA	4.37	NA	5.41	2.52	2.47	13.64	15.36	14.48	16.93	NA	13.5	209.51	4.37
2014	27.11.2014	S	S1	S1	NA	NA	1	2.03	5.95	NA	5.6	NA	6.95	3.52	3.21	19.15	18.44	18.9	17.63	NA	23.39	353.13	5.6
2014	28.11.2014	S	S6	S6	NA	NA	3	3.43	4.85	NA	5.15	NA	6.6	2.21	2.39	16.81	16.1	17.42	16.68	NA	15.18	270.64	5.15
2014	28.11.2014	S	S6	S6	NA	NA	1	3.5	5.17	NA	4.42	NA	6.56	2.73	2.57	14.61	15.36	16.76	15.36	NA	17.38	NA	4.42
2014	28.11.2014	S	S6	S6	NA	NA	1	4.59	4.55	NA	5.4	NA	6.47	2.58	2.92	22.07	21.45	24.55	22.08	NA	17.79	473.4	5.4
2014	29.11.2014	S	S6	S6	NA	NA	1	1.08	4.52	NA	7.03	NA	7.11	3.25	3.18	22.4	19.87	22.07	19.54	NA	22.86	445.09	7.03
2014	29.11.2014	S	S6	S6	NA	NA	1	4.09	4.69	NA	2.7	NA	5.31	2.16	2	16.91	13.44	16.38	NA	NA	11.04	227.27	2.7
2014	29.11.2014	S	S6	S6	NA	NA	1	2.33	5.72	NA	3.94	NA	5.78	3.1	3.04	18.41	15.78	18.37	14.39	NA	17.74	290.51	3.94
2014	29.11.2014	S	S6	S6	NA	NA	1	0.4	6.57	NA	6.83	NA	6.84	2.94	3.09	26.13	22.48	30.07	24.67	NA	20.62	587.4	6.83
2014	25.12.2014	S	S26	S26	NA	NA	1	1.74	4.08	NA	4.49	NA	5.56	2.22	1.99	18.36	18.84	20.74	20.36	NA	11.7	345.9	4.49
2015	13.10.2015	S	S21e	C	C	0	1	1.89	6.11	3.86	5.46	4.12	7.44	2.68	3.51	16.9	17.7	17.78	16.25	NA	23.03	299.13	4.48
2015	13.10.2015	S	S21e	C	C	20	1	2.53	5.83	4.55	5.78	4.99	7.5	3.64	3.04	16.64	18.45	17.57	16.78	NA	25.05	307.01	5.11
2015	13.10.2015	S	S21e	C	C	15	4	1.72	5.36	4.29	4.26	4.61	6.81	3.54	3.38	19.08	19.02	20.3	18.58	NA	23.56	362.9	4.39
2015	13.10.2015	S	S21e	C	C	60	3	2.7	5.57	4.77	5.8	5.48	6.48	2.24	2.81	17.77	18.88	17.48	16.11	NA	16.36	335.5	5.35
2015	13.10.2015	S	S21e	D	D	5	1	3.72	3.19	3.21	4.03	3.62	5.21	2.62	2.85	13.71	14.21	14.82	14.65	NA	14.25	194.82	3.62
2015	13.10.2015	S	S21e	D	D	25	1	3.91	3.86	3.6	4.61	4.09	5.81	3.02	3.04	16.98	17.52	18.5	17.95	NA	17.6	297.49	4.1
2015	13.10.2015	S	S21e	D	D	60	1	2.25	2.84	3.96	4.72	3.45	6.45	3.15	3.2	15.4	16.66	15.65	16.41	NA	20.48	256.56	4.04
2015	13.10.2015	S	S21	A	NA	50	2	4.22	5.52	3.43	4.43	3.77	5.95	3.64	3.48	20.4	23.45	20.96	24.1	NA	21.18	478.38	3.88
2015	13.10.2015	S	S21	A	NA	40	1	2.63	5.91	3.54	3.92	3.66	5.59	2.99	2.79	14.04	16.67	14.01	16.76	NA	16.16	234.05	3.71
2015	13.10.2015	S	S21	A	NA	15	1	4.34	5.4	3.7	4.63	3.99	5.15	1.71	1.31	17.68	18.61	18.28	20.45	NA	7.78	NA	4.11
2015	13.10.2015	S	S21	A	NA	25	3	4.13	6.89	4.76	5.33	4.85	7.58	2.81	3.07	20.92	22.88	22.66	23.74	NA	22.29	478.65	4.98
2015	14.10.2015	S	S21e	E	E	0	1	2.69	3.34	4.21	5.08	3.68	6.04	2.38	2.01	16.54	17.38	15.54	17.45	NA	13.26	287.47	4.32
2015	14.10.2015	S	S21e	E	E	4	1	2.63	2.79	3.32	3.21	2.87	5.28	2.1	1.98	11.21	10.91	11.28	10.63	NA	10.77	122.3	3.13
2015	14.10.2015	S	S21	A	NA	80	1	5.34	5.79	4.27	4.13	3.83	7	2.35	2.67	19.04	21.14	18.37	20.82	NA	17.57	402.51	4.08
2015	14.10.2015	S	S21	A	NA	75	1	2.2	3.97	3.47	4.96	3.84	6.38	2.61	2.63	16.97	18.62	18.23	20.86	NA	16.72	315.98	4.09
2015	14.10.2015	S	S21	A	NA	100	1	3.45	6.31	5.29	6.91	5.3	6.79	2.6	2.93	22.85	25.28	22.6	28.04	NA	18.77	577.65	5.83
2015	14.10.2015	S	S21	A	NA	100	3	4.04	5.49	5.45	5.8	4.65	7.08	3.05	2.89	19.65	19.63	20.64	24.75	NA	21.03	385.73	5.3
2015	14.10.2015	S	S21	A	NA	30	2	3.92	5.57	4.06	5.14	4.23	5.94	2.5	2.47	18.41	21.09	18.72	20.78	NA	14.76	388.27	4.48
2015	14.10.2015	S	S21	A	NA	5	1	3.69	5.24	4.33	4.55	4.1	5.83	2.71	2.8	18.1	20.13	17.01	20.21	NA	16.06	364.35	4.33
2015	14.10.2015	S	S21	A	NA	200	1	2.54	3.87	5.07	5.04	4.43	5.41	2.1	2.34	15.54	17.74	16.89	19.77	NA	12.01	275.68	4.85
2015	14.10.2015	S	S21	A	NA	25	3	3.12	5.34	4.22	3.93	3.43	5.54	2.65	2.67	19.48	22.56	19.68	21.35	NA	14.74	439.47	3.86
2015	14.10.2015	S	S21	A	NA	3	1	2.11	3.06	2.9	4.08	3.73	4.46	2.29	1.9	12.39	15.41	13.77	16.34	NA	9.34	190.93	3.57
2015	14.10.2015	S	S21	A	NA	50	1	3.53	5.24	4.08	4.09	4.57	6.36	3.41	3.4	20.06	21.15	20.24	23.81	NA	21.66	424.27	4.25
2015	14.10.2015	S	S21	A	NA	70	2	2.74	6.6	5.83	6.18	4.77	6.65	2.99	3.21	23.21	24.92	22.61	26.15	NA	20.62	578.39	5.59
2015	14.10.2015	S	S21	A	NA	0	1	5.17	5.97	3.39	3.83	3.61	6.08	2.23	2.1	17.91	18.35	15.71	18.48	NA	13.16	328.67	3.61
2015	14.10.2015	S	S21	A	NA	100	2	3.03	4.86	3.85	4.13	3.59	6.22	2.46	2.54	18.41	21.54	19.15	23.03	NA	15.55	396.55	3.86
2015	14.10.2015	S	S21	A	NA	70	1	3.93	4.26	4.15	4.46	4	6.53	2.76	2.53	16.11	19.21	16.11	19.59	NA	17.27	309.47	4.2
2015	15.10.2015	S	S11	S11	A	3	3	2.61	5.35	5.95	6.28	5.57	5.72	2.51	2.7	19.16	20.92	23.5	22.05	NA	14.9	400.83	5.93
2015	15.10.2015	S	S11	S11	B	3	3	3.2	5.27	5.17	4.87	4.98	6.16	2.84	2.84	18.86	17.8	19.61	19.89	NA	17.49	335.71	5.01
2015	15.10.2015	S	S11	S11	B	1	2	1.88	4.14	4.49	4.53	4.14	5.72	2.84	2.92	15.77	15.88	17.49	14.79	NA	16.47	250.43	4.39
2015	15.10.2015	S	S11	S11	B	0	1	2.37	4.76	3.26	3.34	3	5.26	2.8	2.71	15.35	13.63	12.67	11.38	NA	14.49	209.22	3.2
2015	15.10.2015	S	S11	S11	B	1	2	1.63	3.3	3.41	3.52	4.05	5.1	2.51	2.66	19.22	18.72	19.22	17.6	NA	13.18	359.8	3.66
2015	15.10.2015	S	S11	S11	B	1	1	2.84	5.14	3.54	4.96	3.69	3.96	1.63	1.79	16.69	13.03	15.68	13.46	NA	6.77	217.47	4.06
2015	15.10.2015	S	S11	S11	B	2	3	2.58	5.59	4.97	5.07	4.04	4.95	2.21	2.52	19.87	18.55	21.92	19.79	NA	11.71	368.59	4.69
2015	15.10.2015	S	S11	S11	B	2	3	1.94	4.79	5.44	5.29	5.77	6.06	3.25	3.2	19.06	18.59	22.26	20.92	NA	19.54	354.33	5.5
2015	15.10.2015	S	S11	S11	C	2	3	3.6	6.57	3.87	5.59	5.67	6.1	2.97	2.75	17.63	17.95	18.88	19.03	NA	17.45	316.46	5.04
2015	15.10.2015	S	S11	S11	C	0	3	4.2	4.64	3.25	3.82	3.03	5.05	2.38	2.57	12.2	11.45	12.09	12.21	NA	12.5	139.69	3.37
2015	15.10.2015	S	S11	S11	D	20	1	2.94	5.3	5.56	6.09	5.47	5.75	2.81	2.69	18.03	17.52	19.72	18.3	NA	15.81	315.89	5.71
2015	15.10.2015	S	S11	S11	D	0	1	2.81	4.65	3.39	4.35	3.48	6.01	2.46	2.52	12.96	10.05	14.07	10.43	NA	14.96	130.25	3.74
2015	15.10.2015	S	S11	S11	D	25	2	4.29	5.03	3.47	4.36	4	4.62	2.48	2.43	12.01	12	13.45	12.83	NA	11.34	144.12	3.94
2015	15.10.2015	S	S11	S11	E	0	1	5.27	5.78	3.83	5.77	3.13	6.04	2.66	2.88	18.61	17.74	19	17.09	NA	16.73	330.14	4.24
2015	15.10.2015	S	S11	S11	E	50	3	4.25	5.42	4.24	5.37	4.55	6.36	3.15	3.51	23.29	20.03	23.27	21.08	NA	21.18	466.5	4.72
2015	15.10.2015	S	S11	S11	F	2	2	3.32	3.88	4.17	5.65	4.52	5.39	2.09	1.96	15.84	15.36	12.41	12.29	NA	NA	243.3	NA
2015	15.10.2015	S	S11	S11	G	0	1	4.24	5.97	4.04	5.39	4.28	6.03	2.87	2.93	22.94	25.71	23.99	24.25	NA	17.49	589.79	4.57
2015	15.10.2015	S	S11	S11	H	10	1	1.79	6.18	4.45	5.75	4.51	6.77	3.6	3.73	21.6	21.05	22.8	20.65	NA	24.81	454.68	4.9
2015	15.10.2015	S	S11	S11	H	5	1	2.95	5.63	4.57	5.82	5.54	6.79	3.39	3.41	21.49	21.13	23.56	21.93	NA	23.09	454.08	5.31
2015	15.10.2015	S	S11	S11	H	7	1	2.61	5.09	4.68	5.48	4.16	6.4	3.18	3.13	17.85	17.75	20.62	20.04	NA	20.19	316.84	4.77
2015	15.10.2015	S	S11	S11	I	2	1	2.81	5.14	3.52	4.24	4.93	5.15	2.46	2.44	15.99	17.48	17.83	17.91	NA	12.62	279.51	4.23
2015	15.10.2015	S	S11	S11	I	0	1	2.21	5.61	5.17	5.67	4.15	5.62	2.41	2.58	14.34	15.31	16.14	15.12	NA	14.02	219.55	5
2015	15.10.2015	S	S11	S11	J	0	1	4.57	4.68	4.63	4.91	4	5.11	2.5	2.57	17.72	17.72	19.09	18.64	NA	12.95	314	4.51
2015	15.10.2015	S	S11	S11	J	6	1	3.54	5.05	4.16	4.62	3.51	5.78	2.96	3.08	19.31	20.23	19.31	18.86	NA	17.46	390.64	4.1
2015	15.10.2015	S	S11	S11	K	3	1	2.87	4.98	4.59	5.7	4.24	5.16	2.48	2.59	19.05	18.49	21.36	21.32	NA	13.08	352.23	4.84
2015	15.10.2015	S	S11	S11	K	0	1	2.97	5.55	4.32	5.02	4.26	5.9	2.82	2.92	17.09	17.13	19.74	17.98	NA	16.93	292.75	4.53
2015	15.10.2015	S	S11	S11	K	0	1	3.16	4.76	4.69	5.04	4.78	5.49	3.03	2.99	19.32	20.22	21.33	22.03	NA	16.52	390.65	4.84
2015	15.10.2015	S	S11	S11	P	5	1	3.33	5.6	4.1	4.43	4.07	6.62	3.6	3.4	16.59	17.16	17.14	16.18	NA	23.17	284.68	4.2
2015	15.10.2015	S	S11	S11	O	45	1	3.67	7.06	3.73	5.15	4.85	6.84	3.61	3.63	20.24	20.8	22.87	23.12	NA	24.76	420.99	4.58
2015	15.10.2015	S	S11	S11	O	3	1	2.86	6.82	4.51	5.51	5.36	6.7	3.23	3.59	19.99	19.94	21.44	21.04	NA	38.08	427.51	5.13
2015	15.10.2015	S	S11	S11	O	5	1	4.43	6.15	3.51	4.3	3.45	7.39	3.83	3.87	18.75	20.81	19.81	19.83	NA	28.45	390.19	3.75
2015	15.10.2015	S	S11	S11	N	6	1	2.89	5.8	4.06	5.4	3.96	6.4	2.88	2.79	18.02	18.05	17.41	17.41	NA	18.14	325.26	4.47
2015	15.10.2015	S	S11	S11	M	10	1	4.42	5.31	4.3	5.44	4.66	6.43	3.26	3.22	18.52	19.56	20.71	20.36	NA	20.83	362.25	4.8
2015	15.10.2015	S	S11	S11	L	15	1	2.49	4.19	4.51	5.89	4.67	5.23	2.48	2.72	19.54	21.08	23.5	23.6	NA	13.6	411.9	5.02
2015	16.10.2015	S	S21	S21	K	130	1	3.3	4.73	3.53	4.76	3.83	6.5	2.27	2.39	15.79	17.84	15.12	18.94	NA	15.15	281.69	4.04
2015	16.10.2015	S	S21	S21	A	120	1	1.18	4.33	5.24	6.35	5.56	6.73	2.73	2.54	17.04	19.87	18.79	20.35	NA	17.73	338.58	5.72
2015	16.10.2015	S	S21	S21	A	30	1	2.38	3.59	4.02	5.11	4.42	6.84	3	3.01	16.01	17.62	16.61	18.08	NA	20.55	282.1	4.52
2015	16.10.2015	S	S21	S21	A	50	1	2.59	4.13	4.4	5.36	4.67	6.33	2.4	2.63	16.64	18	17.59	19.68	NA	15.92	299.52	4.81
2015	16.10.2015	S	S21	S21	NA	NA	1	2.76	6	4.13	4.75	4.64	6.8	2.42	2.72	18.41	19.85	19.43	20.48	NA	17.48	365.44	4.51
2015	16.10.2015	S	S21	S21	NA	NA	1	4.66	6.63	4.6	5.46	4.1	6.63	3.29	3.12	21.84	22.7	NA	NA	NA	21.25	495.77	4.72
2015	16.10.2015	S	S21	S21	NA	NA	1	3.27	4.76	4.4	4.23	4.72	6.77	3.19	3.08	14.41	17.62	16.55	17.89	NA	21.22	253.9	4.45
2015	16.10.2015	S	S21	S21	NA	NA	1	1.78	4.1	5.3	6.3	5.17	6.92	2.68	3.06	17.84	19.4	20.1	21.9	NA	19.86	346.1	5.59
2015	16.10.2015	S	S21	S21	NA	NA	1	4.24	4.96	4.76	6.07	5.13	5.9	2.34	2.32	20.45	22.82	21.83	24.48	NA	13.75	466.67	5.32
2015	16.10.2015	S	S21	S21	NA	NA	1	2.77	5.09	4.17	5.01	4.42	6.01	2.58	2.84	17.75	18.94	19.17	22.27	NA	NA	336.19	NA
2015	16.10.2015	S	S21	S21	H	80	1	3.54	6.5	3.82	5.2	4.64	6.32	3.01	3.08	19.5	20.98	19.9	23	NA	19.24	409.11	4.55
2015	16.10.2015	S	S21	S21	P	100	1	3.7	6.08	3.95	4.68	3.98	7.06	3.3	3.37	19.34	21.04	19.31	21.96	NA	23.55	406.91	4.2
2015	16.10.2015	S	S21	S21	P	100	1	3.29	5.81	4.02	4.94	4.79	5.99	2.97	2.84	17.07	19.43	18.2	20.17	NA	17.4	331.67	4.58
2015	16.10.2015	S	S21	S21	P	130	3	3.71	6.24	4.03	5.47	4.45	6.89	2.82	3.14	18.51	21.1	19.32	22.74	NA	20.53	390.56	4.65
2015	17.10.2015	S	S12	S12	A	10	1	2.64	4.68	4.5	5.45	4.29	6.4	3.28	3.4	16.41	16.49	16.39	17.63	0	21.38	270.6	4.75
2015	17.10.2015	S	S12	S12	A	7	1	1.4	3.48	4.31	5.16	3.54	5.81	2.71	2.59	14.66	16.64	16.14	17.09	0	15.4	243.94	4.34
2015	17.10.2015	S	S12	S12	A	100	1	4.14	5.33	3.85	5.19	3.97	6.3	3.5	3.74	16.9	16.51	17.75	16.77	1	22.81	279.02	4.34
2015	17.10.2015	S	S12	S12	A	0	1	1.59	5.62	5.98	6.83	6.15	6.34	2.97	3.17	16.41	17.65	17.63	18.89	0	NA	289.64	6.32
2015	17.10.2015	S	S12	S12	A	10	1	2.71	5.14	4.64	5.36	4.93	6.49	3.76	3.96	16.11	17.68	17.25	17.71	NA	25.05	284.82	4.98
2015	17.10.2015	S	S12	S12	A	30	1	1.32	4.79	4.34	4.82	4.29	6.71	3.21	3.16	15.46	17.1	17.26	17.82	1	21.37	264.37	4.48
2015	17.10.2015	S	S12	S12	A	10	1	1.58	4.58	4	4.83	5.28	6.89	3.28	3.18	NA	17.04	16.82	17.34	1	22.25	NA	4.7
2015	17.10.2015	S	S12	S12	A	30	2	1.84	5.4	4.65	5.08	4.61	5.9	2.84	3.06	15.24	15.58	16.01	16.88	NA	17.41	237.44	4.78
2015	17.10.2015	S	S12	S12	A	10	1	2.81	5.21	4.15	4.69	4.02	5.42	2.65	2.78	14.13	15.44	14.24	15.47	0	14.72	218.17	4.29
2015	17.10.2015	S	S12	S12	A	0	1	2.97	4.63	3.84	3.76	4.41	5.71	3.05	3.45	14.09	15.63	13.86	15.27	0	18.56	220.23	4
2015	17.10.2015	S	S12	S12	A	20	1	3.35	5.29	8.26	4.58	4.42	6.86	3.4	3.54	15.2	16.44	15.24	16.91	NA	23.8	249.89	5.75
2015	17.10.2015	S	S12	S12	B	2	1	3.28	3.93	4.29	4.66	4.48	7.2	3.53	3.7	15.66	17.79	18.04	19.4	0	26.03	278.59	4.48
2015	17.10.2015	S	S12	S12	B	40	1	1.46	4.87	4.63	4.84	5.64	7.44	3.55	3.46	19.34	20.23	18.7	20.39	1	26.08	391.25	5.04
2015	17.10.2015	S	S12	S12	B	15	1	2.84	3.75	4.21	4.67	3.99	6.82	3.54	2.84	16.61	17.61	16.8	16.48	0	21.76	292.5	4.29
2015	17.10.2015	S	S12	S12	B	15	1	1.98	4.11	4.26	5.41	4.47	5.82	2.85	3.23	14.6	14.8	16.26	16.63	0	17.69	216.08	4.71
2015	17.10.2015	S	S12	S12	B	20	1	2.9	4.15	3.78	5.01	4.51	5.75	2.87	2.59	15.46	16.69	17.3	19.78	0	15.7	258.03	4.43
2015	17.10.2015	S	S12	S12	B	0	1	3.21	4.63	4.69	4.98	4.77	6.08	2.87	3.19	15.98	16.56	16.56	17.49	0	18.42	264.63	4.81
2015	17.10.2015	S	S12	S12	B	3	1	3.16	3.49	3.48	4.61	3.53	5.74	3.04	3.21	13.2	13.84	14.04	15.11	0	17.94	182.69	3.87
2015	17.10.2015	S	S12	S12	B	10	2	2.03	4.02	3.53	2.44	6.19	6.31	2.99	3.05	14.43	15.66	15.75	16.36	0	19.06	225.97	4.05
2015	17.10.2015	S	S12	S12	C	10	1	2.37	4.55	6.48	7.42	6.33	8.04	4.04	3.9	16.4	18.13	16.42	17.7	1	31.92	297.33	6.74
2015	17.10.2015	S	S12	S12	C	3	2	3.07	5.38	6.51	7.6	6.94	7.71	3.99	3.72	16.6	18.44	16.81	18.61	1	29.72	306.1	7.02
2015	17.10.2015	S	S12	S12	C	15	1	3.47	4.56	6.27	7.53	6.18	7.14	3.85	3.23	16.05	18.07	15.92	17.24	1	25.28	290.02	6.66
2015	17.10.2015	S	S12	S12	D	5	1	4.49	3.47	5.64	6.02	5.82	6.77	3.23	3.62	NA	16.59	14.37	16.05	1	23.19	NA	5.83
2015	17.10.2015	S	S12	S12	E	0	1	3.19	5.74	5.15	5.64	5.41	7.68	3.9	3.95	16.47	18.24	17.84	18.18	0	30.14	300.41	5.4
2015	17.10.2015	S	S12	S12	E	0	1	2.67	5.41	4.76	6.38	5.02	6.18	3.21	2.85	15.16	15.68	15.92	16.45	1	18.73	237.71	5.39
2015	18.10.2015	S	S27	S27	B	10	1	3.96	4	5.18	6.06	5.42	6.22	3.07	3.17	18.85	18.27	20.16	18.97	NA	19.41	344.39	5.55
2015	18.10.2015	S	S27	S27	B	1	1	3.35	4.31	4.94	5.35	4.73	6.75	2.73	3.12	16.56	17.73	18.1	19.41	NA	19.74	293.61	5.01
2015	18.10.2015	S	S27	S27	B	15	2	2.64	4.88	5.96	6.5	5.69	6.5	3.25	3.23	19.99	20.16	21.43	21.17	NA	21.06	403	6.05
2015	18.10.2015	S	S27	S27	D	2	2	5.04	4.81	4.74	5.98	4.95	7.82	3.7	3.74	20.26	19.88	21.42	20.25	NA	29.09	402.77	5.22
2015	18.10.2015	S	S27	S27	D	3	1	4.18	5.27	5.21	4.89	4.96	7.23	3.05	3.6	18.26	19.62	19.85	19.98	NA	24.04	358.26	5.02
2015	18.10.2015	S	S27	S27	D	8	1	2.55	4.04	4.18	5.4	4.7	7.3	3.75	3.69	16.55	18.49	17.79	18.74	NA	27.16	306.01	4.76
2015	18.10.2015	S	S27	S27	E	1	1	2.66	3.44	4.41	4.63	3.84	7.08	3.67	3.38	16.7	17.18	18.14	17.49	NA	24.96	286.91	4.29
2015	18.10.2015	S	S27	S27	E	5	1	2.56	4.56	4.43	5.44	5.15	7.17	3.93	3.63	17.17	17.3	16.85	17.14	NA	27.1	297.04	5.01
2015	18.10.2015	S	S27	S27	F	10	3	3.11	4.96	4.55	5.26	4.46	6.95	3.47	3.54	20.6	22.31	22.45	22.03	NA	24.36	459.59	4.76
2015	18.10.2015	S	S27	S27	F	5	1	1.68	5.64	4.68	5.23	4.32	6.75	3.06	3.21	17.07	15.98	18.38	17.37	NA	21.16	272.78	4.74
2015	18.10.2015	S	S27	S27	J	4	2	4.09	3.8	4.91	5.48	4.61	6.86	2.97	2.9	16.34	16.79	17.08	17.6	NA	20.13	274.35	5
2015	18.10.2015	S	S27	S27	J	25	2	3.21	4.75	4.34	6.42	5.33	7.53	3.59	2.91	18	19.51	15.65	16.79	NA	24.47	351.18	5.36
2015	18.10.2015	S	S27	S27	K	7	1	2.36	3.64	3.89	4.52	3.46	6.44	3.48	3.17	14.61	15.14	16.65	16.32	NA	21.41	221.2	3.96
2015	18.10.2015	S	S27	S27	L	2	1	3.57	3.23	4.16	4.57	4.21	5.86	2.6	2.55	15.4	14.6	16.75	15.97	NA	15.09	224.84	4.31
2015	18.10.2015	S	S27	S27	Q	40	3	3.23	3.93	6.34	6.78	6.1	7.41	3	3.43	21.79	20.82	22.46	22.22	NA	23.82	453.67	6.41
2015	18.10.2015	S	S27	S27	Q	2	3	1.59	4.86	5.37	5.34	5.22	7.32	3.56	3.61	20.29	19.97	20.16	20.05	NA	26.24	405.19	5.31
2015	18.10.2015	S	S27	S27	Q	25	1	0.88	3.93	6.06	6.26	6.73	7.79	3.18	3.22	20.26	20.69	22.19	23	NA	24.93	419.18	6.35
2015	18.10.2015	S	S27	S27	Q	10	3	1.76	4.88	4.77	6.56	5.42	6.7	3.37	3.33	20.49	20.72	22.7	21.51	NA	22.45	424.55	5.58
2015	18.10.2015	S	S27	S27	R	8	1	2.73	4.09	4.41	5.88	5.13	8.02	3.84	3.7	19	20.68	20.94	21.42	NA	30.24	392.92	5.14
2015	18.10.2015	S	S27	S27	R	10	1	3.1	4.65	4.15	5.73	4.05	7.22	3.9	3.57	19.4	19.8	21.04	20.71	NA	26.97	384.12	4.64
2015	18.10.2015	S	S27	S27	R	5	1	5.2	4.22	4.79	5.76	5.07	8	3.62	3.65	16.67	17.07	20.34	17.86	NA	29.08	284.56	5.21
2015	18.10.2015	S	S27	S27	S	2	1	2.19	4.74	4.6	6.03	5.38	7.01	3.14	3.42	18.33	17.39	20.41	20.6	NA	22.99	318.76	5.34
2015	20.10.2015	S	S14	Cabuya	NA	0	1	3.64	5.4	4.79	6.21	5.56	7.31	3.6	3.43	22.72	24.05	26.3	25.94	NA	25.69	546.42	5.52
2015	20.10.2015	S	S14	Cabuya	NA	5	1	5.09	5.09	4.21	4.63	4.28	5.81	2.86	2.97	20.04	18.49	20.28	20.12	NA	16.94	370.54	4.37
2015	20.10.2015	S	S14	Cabuya	NA	1	1	4.66	5.51	4.45	4.81	4.51	6.36	2.91	2.97	20.71	19.86	21.02	21.08	NA	18.7	411.3	4.59
2015	20.10.2015	S	S14	Cabuya	NA	1	1	4.62	4.7	4.16	4.99	4.28	6.35	3.02	2.97	21.71	20.3	23.3	23.15	NA	19.02	440.71	4.48
2015	20.10.2015	S	S14	Cabuya	NA	4	1	4.86	5.7	4.43	5.19	4.35	6.62	3.2	3.15	21.27	19.49	22.62	21.08	NA	21.02	414.55	4.66
2015	20.10.2015	S	S14	Cabuya	NA	10	3	2.92	6.33	5.07	5.81	4.8	6.73	3.32	3.23	25.54	25.61	27.25	27.67	NA	22.04	654.08	5.23
2015	20.10.2015	S	S14	Cabuya	NA	2	3	4.33	5.33	5.3	5.05	5.44	7.01	3.3	3.24	21.68	21	24.39	24.41	NA	22.92	455.28	5.26
2015	20.10.2015	S	S14	Cabuya	NA	15	3	3.07	4.72	5.5	6.18	4.54	6.21	3.23	3.31	22.65	22.05	24.07	23.07	NA	20.31	499.43	5.41
2015	20.10.2015	S	S14	Cabuya	NA	7	3	NA	NA	NA	NA	NA	NA	NA	NA	25.8	23.11	27.71	26.76	NA	NA	596.24	NA
2015	20.10.2015	S	S14	Cabuya	NA	4	1	NA	NA	4.4	4.57	4.22	6.73	3.49	3.4	24.7	22.37	25.83	25.48	NA	23.18	552.54	4.4
2015	20.10.2015	S	S14	Cabuya	NA	10	1	NA	NA	4.04	4.85	4.18	5.82	2.5	2.56	17.71	18.52	21.18	20.38	NA	14.72	327.99	4.36
2015	20.10.2015	S	S14	Cabuya	NA	50	1	4.64	5.42	4.32	5.14	4.29	7.1	3.55	3.65	26.88	22.95	28.86	25.34	NA	25.56	616.9	4.58
2015	20.10.2015	S	S14	Cabuya	NA	10	1	4.21	4.89	4.42	5.41	5.64	6.84	3.21	3.39	21.17	20.06	23.31	21.86	NA	22.57	424.67	5.16
2015	20.10.2015	S	S14	Cabuya	NA	5	2	4.29	5.23	4.08	5.32	3.99	7.3	3.38	3.35	25.81	25.49	27.49	27.2	NA	24.56	657.9	4.46
2015	20.10.2015	S	S14	Cabuya	NA	10	3	5.79	5.65	4.42	6.22	5.39	7.83	3.74	3.69	27.57	26.76	30.02	29.67	NA	29.09	737.77	5.34
2015	20.10.2015	S	S14	Cabuya	NA	3	2	4.46	4.43	4.65	5.48	4.77	7.41	3.69	3.46	24.12	23.21	26.51	24.13	NA	26.49	559.83	4.97
2015	20.10.2015	S	S14	Cabuya	NA	45	2	4.8	5.14	4.88	5.35	4.96	6.32	3.41	3.43	23.55	21.44	21.42	20.27	NA	21.61	504.91	5.06
2015	20.10.2015	S	S14	Cabuya	NA	15	2	4.51	4.9	4.83	5.19	4.4	6.6	3.16	3.08	23.75	22.38	28.42	26.62	NA	20.59	531.53	4.81
2015	20.10.2015	S	S14	Cabuya	NA	10	2	3.78	5.1	5.62	5.61	4.91	7.46	3.31	3.48	27.81	25.08	25.76	24.67	NA	25.33	697.47	5.38
2015	20.10.2015	S	S13	B	B	5	1	7.1	6.61	4.68	5.41	4.59	7.79	3.25	3.41	17.03	18.43	19.19	19.02	NA	25.94	313.86	4.89
2015	20.10.2015	S	S13	B	B	2	1	7.98	6.44	5.62	6.67	5.7	8.43	3.72	3.88	22.98	22.94	24.51	24.05	NA	32.03	527.16	6
2015	22.10.2015	S	S23	S23	B	50	3	0.1	3.82	3.69	3.73	3.35	5.1	1.31	1.25	18.29	17.46	19.56	18.43	NA	6.53	319.34	3.59
2015	22.10.2015	S	S23	S23	B	20	1	0	2.87	3.68	3.59	3.37	4.7	1.05	1.04	13.79	14.1	16.01	14.72	NA	4.91	194.44	3.55
2015	22.10.2015	S	S23	S23	B	15	1	0	2.74	4.05	4.3	3.8	4.35	0.82	0.87	13.99	13.82	16.72	14.2	NA	3.68	193.34	4.05
2015	22.10.2015	S	S23	S23	B	15	1	0	2.16	2.69	4.31	3.79	4.3	0.82	0.97	15.47	13.21	16.85	13.85	NA	3.85	204.36	3.6
2015	22.10.2015	S	S23	S23	B	20	1	0	2.49	3.9	4.57	3.42	4.19	0.78	0.87	13.24	11.72	14.16	12.2	NA	3.46	155.17	3.96
2015	22.10.2015	S	S23	S23	B	15	1	0	2.76	3.18	4.59	3.98	4.52	1.08	0.9	13.39	13.07	14.75	13.26	NA	4.47	175.01	3.92
2015	22.10.2015	S	S23	S23	B	30	2	0.3	2.54	2.61	1.9	2.1	4.02	0.69	0.66	12.76	11.7	13.76	11.63	NA	2.71	149.29	2.2
2015	22.10.2015	S	S23	S23	B	NA	1	0	2.35	3.48	3.41	2.89	3.48	0.89	0.97	11.9	10.24	11.37	10.55	NA	3.24	121.86	3.26
2015	22.10.2015	S	S23	S23	B	NA	1	0	2.4	3.34	5.62	4.89	5.38	1.48	1.26	16.13	15.48	18.48	16.83	NA	7.37	249.69	4.62
2015	22.10.2015	S	S23	S23	B	NA	1	0.1	1.75	3.25	4.44	3.88	3.76	0.86	1.03	14.25	13.86	16.12	14.19	NA	3.55	197.51	3.86
2015	22.10.2015	S	S23	S23	B	NA	1	0	2.46	4.42	5.01	2.99	4.3	0.88	0.86	14.11	16.23	16.31	15.09	NA	3.74	229.01	4.14
2015	22.10.2015	S	S23	S23	B	NA	1	0	1.79	2.62	3.6	4.38	4.59	0.91	0.92	13.2	12.54	12.84	11.58	NA	4.2	165.53	3.53
2015	22.10.2015	S	S23	S23	B	NA	2	0	2.61	2.77	3.69	3.16	3.49	1.1	0.95	12.64	11.63	11.72	10.57	NA	3.58	147	3.21
2015	22.10.2015	S	S23	S23	A	NA	1	0	2.62	4.05	3.68	3.81	4.39	0.72	1.07	14.7	14.2	16.23	15.16	NA	3.93	208.74	3.85
2015	22.10.2015	S	S23	S23	C	NA	1	0.5	2.52	2.06	3.31	2.55	3.62	0.91	0.74	11.15	10.02	10.46	8.79	NA	2.99	111.72	2.64
2015	22.10.2015	S	S23	S23	C	NA	1	0	NA	NA	NA	NA	NA	NA	NA	13.14	13.26	15.4	13.35	NA	NA	174.24	NA
2015	22.10.2015	S	S23	S23	C	NA	1	0	2.72	2.93	4.58	3.86	4.03	1.02	0.89	12.92	12.37	13.9	12.57	NA	3.85	159.82	3.79
2015	22.10.2015	S	S23	S23	C	NA	1	0.1	2.62	3.33	4.26	3.19	4.83	0.95	1.07	14.99	14.23	15.91	14.36	NA	4.88	213.31	3.59
2015	22.10.2015	S	S23	S23	C	NA	1	0	3.64	3.73	3.86	3.15	4.85	1.09	1.01	17.84	15.97	16.74	15.12	NA	5.09	284.9	3.58
2015	22.10.2015	S	S23	S23	C	NA	1	0	3.45	2.92	3.6	4.51	4.51	1.02	0.9	13.61	13.01	13.53	12.32	NA	4.33	177.07	3.68
2015	22.10.2015	S	S23	S23	C	NA	2	0	3.24	3.75	5.13	4.54	5.07	1.29	1.46	18.17	17.57	21.14	19.76	NA	6.97	319.25	4.47
2015	22.10.2015	S	S23	S23	C	NA	1	0	2.71	3.84	3.69	2.67	3.77	0.85	0.93	11.01	10.89	11	10.46	NA	3.36	119.9	3.4
2015	22.10.2015	S	S23	S23	C	NA	1	0	3.34	4.22	5.18	4.1	4.8	1.56	1.32	17.71	17.71	17.02	16.21	NA	6.91	313.64	4.5
2015	22.10.2015	S	S23	S23	C	NA	2	0	3.37	3.9	5.05	4.19	4.97	NA	1.34	16.25	15.91	17.27	16.98	NA	NA	258.54	4.38
2015	24.10.2015	S	S1	S1	A	0	2	4.02	7.67	6	7.06	6.54	7.01	3.13	3.15	22.07	19.98	23.17	20.91	1	22.01	440.96	6.53
2015	24.10.2015	S	S1	S1	B	0	1	2.28	5.56	4.98	5.59	5.73	6.77	3.31	3.29	17.68	17.99	18.63	19.1	1	22.34	318.06	5.43
2015	24.10.2015	S	S1	S1	B	1	1	2.1	5.49	4.01	5.66	4.28	6.52	3.26	3.65	14.91	15.7	19.03	17.65	1	22.53	234.09	4.65
2015	24.10.2015	S	S1	S1	B	15	1	1.27	4.29	5.65	6.21	5.55	6.48	3.53	3.22	19.32	19.42	22.08	21.92	1	21.87	375.19	5.8
2015	24.10.2015	S	S1	S1	B	0	1	3.6	6.18	3.6	4.53	4.81	6.81	3.88	3.95	16.02	17.92	17.31	18.06	0	26.66	287.08	4.31
2015	24.10.2015	S	S1	S1	C	3	3	1.7	5.06	5.46	6.64	5.26	7.04	2.79	3.02	19.74	17.81	21.85	19.72	1	20.45	351.57	5.79
2015	24.10.2015	S	S1	S1	C	3	3	1.5	4.64	4.56	6.36	4.23	7.06	2.74	3.18	18.98	17.68	19.51	18.51	1	20.9	335.57	5.05
2015	24.10.2015	S	S1	S1	D	5	3	0.64	3.72	5.14	6.14	4.58	5.68	2.92	2.82	18.25	17.16	19.5	18.34	1	16.3	313.17	5.29
2015	24.10.2015	S	S1	S1	E	7	1	2.64	3.66	3.25	4.68	3.85	5.82	2.77	2.72	17.28	15.2	17.61	15.15	0	15.98	262.66	3.93
2015	24.10.2015	S	S1	S1	F	15	2	3.11	5.27	5.43	5.92	4.28	6.29	3.08	3.32	21.4	19.11	22.55	19.75	1	20.13	408.95	5.21
2015	24.10.2015	S	S1	S1	G	5	2	2.66	4.71	4.44	5.09	4.13	5.48	2.47	2.61	15.23	14.82	16.58	16.78	0	13.92	225.71	4.55
2015	24.10.2015	S	S1	S1	H	2	1	4.02	6.07	4.05	4.61	5.18	7.26	3.18	3.19	17.53	18.48	17.96	18.38	1	23.12	323.95	4.61
2015	24.10.2015	S	S1	S1	I	2	1	2.63	4.27	4.51	5.61	4.52	5.84	2.95	2.86	18.24	17.49	18.44	18.15	1	16.97	319.02	4.88
2015	24.10.2015	S	S1	S1	J	10	2	0.88	4.33	4.22	4.06	3.83	5.89	3.31	2.82	19.73	20.62	21.63	20.46	1	18.05	406.83	4.04
2015	24.10.2015	S	S1	S1	J	6	1	5.21	5.06	3.81	5.15	4.93	6.99	3.86	4.09	14.68	16.27	15.25	16.66	1	27.79	238.84	4.63
2015	24.10.2015	S	S1	S1	J	0	1	1.72	5.92	4.81	4.7	4.42	6.53	2.83	2.9	21.52	21.39	21.73	22.65	1	18.71	460.31	4.64
2015	24.10.2015	S	S1	S1	J	0	1	2.38	5.25	4.32	4.8	4.87	7.21	3.45	3.35	19.5	19.84	21.08	19.61	0	24.51	386.88	4.66
2015	24.10.2015	S	S1	S1	K	4	1	3.54	4.93	4.74	5.88	4.89	6.64	3.8	3.53	13.68	15.42	15.05	15.86	0	24.34	210.95	5.17
2015	24.10.2015	S	S1	S1	K	30	2	0.6	5.37	4.66	5.86	5.43	5.88	2.85	2.75	17.09	18.84	20.59	21.62	1	16.46	321.98	5.32
2015	24.10.2015	S	S1	S1	L	15	2	3.83	4.07	5.2	5.96	5.56	6.41	2.91	3.37	19.18	18.68	21.81	19.84	1	20.13	358.28	5.57
2015	24.10.2015	S	S1	S1	L	2	1	2.03	3.02	3.24	3.54	2.91	5.74	2.63	2.43	14.99	15.69	15.21	16.69	0	14.52	235.19	3.23
2015	24.10.2015	S	S1	S1	L	60	1	4.89	3.58	4.75	4.82	4.84	6.66	3.27	3.33	18.78	19.21	20.3	20.79	1	21.98	360.76	4.8
2015	24.10.2015	S	S1	S1	L	1	1	2.12	4.26	4.61	5.64	4.73	5.94	3.48	3.21	15.28	16.58	16.39	16.85	0	19.87	253.34	4.99
2015	24.10.2015	S	S1	S1	L	6	1	1.66	3.4	3.5	3.43	3.61	5.33	3.03	2.53	13.12	12.94	14.42	13.5	0	14.82	169.77	3.51
2015	24.10.2015	S	S1	S1	M	15	1	2.9	3.9	3.98	3.9	4.47	6.71	3.26	2.66	16.89	17.1	19	18.14	0	19.86	NA	NA
2015	24.10.2015	S	S1	S1	M	6	1	2.55	3.72	3.6	4.01	3.11	5.78	3.4	2.86	14.71	14.68	15.72	16.23	1	18.09	215.94	3.57
2015	24.10.2015	S	S1	S1	M	25	2	1.83	2.86	3.94	4.43	3.9	5.63	2.85	2.57	13.45	14.68	15.61	15.77	1	15.26	197.45	4.09
2015	24.10.2015	S	S1	S1	N	20	1	4.29	4.5	4.53	5.5	4.59	6.8	3.04	2.34	16.79	17.13	17.78	17.89	1	18.29	287.61	4.87
2015	24.10.2015	S	S1	S1	O	20	2	1.4	4.85	4.29	5.41	4.28	6.06	3.15	3.23	18.35	17.26	20.3	17.7	0	19.33	316.72	4.66
2015	24.10.2015	S	S1	S1	P	30	1	2.86	6.29	4.3	5.26	4.27	5.75	3.36	3.12	16.22	16.03	16.88	16.92	0	18.63	260.01	4.61
2015	25.10.2015	S	S9e	A	A	0	1	2.51	6.11	5.35	6.34	5.47	7.05	3.32	3.38	24.08	21.26	24.58	21.54	0	23.62	511.94	5.72
2015	25.10.2015	S	S9e	A	A	0	1	1.14	5.78	4.93	6.72	5.75	7.27	3.2	2.99	22.83	23.43	24.91	24.87	0	22.5	534.91	5.8
2015	25.10.2015	S	S9e	A	B	0	1	3.04	6.32	5.11	5.51	4.69	7.29	3.15	3.09	22.84	20.17	22.56	20.41	0	22.74	460.68	5.1
2015	25.10.2015	S	S9e	A	B	2	1	3.15	5.53	4.87	6.23	5.27	7.59	3.3	3.19	19.75	19.49	20.52	19.29	0	24.63	384.93	5.46
2015	25.10.2015	S	S8	S8	A	NA	1	4.75	7.35	4.8	5.78	4.86	9.98	3.76	3.94	22.49	24.92	22.91	24.29	0	38.42	560.45	5.15
2015	25.10.2015	S	S8	S8	B	NA	1	4.98	5.49	4.61	5.31	4.01	8.56	4.03	2.73	18.88	21.01	18.56	19.63	1	28.93	396.67	4.64
2015	25.10.2015	S	S8	S8	C	NA	1	4.65	5.46	4.56	6.38	5.52	8.5	4.31	3.67	24.35	25.55	24.43	28.26	1	33.92	622.14	5.49
2015	25.10.2015	S	S8	S8	D	NA	1	3.59	4.86	3.89	5.24	4.17	6.82	3.5	3.42	19.51	20.48	19.9	20.59	0	23.6	399.56	4.43
2015	25.10.2015	S	S8	S8	E	NA	1	4.75	6.01	4.02	5.05	3.9	6.74	2.81	2.77	17.31	16.68	18.59	18.37	0	18.8	288.73	4.32
2015	25.10.2015	S	S8	S8	F	NA	2	6.52	6.53	5.67	6.78	5.96	9.15	4.67	2.71	23.14	23.81	24.7	23.43	0	33.76	550.96	6.14
2015	25.10.2015	S	S8	S8	G	NA	1	1.87	6.06	5.07	5.96	5.07	7.68	3.04	3.16	17.88	18.09	20.37	20.53	1	23.81	323.45	5.37
2015	26.10.2015	S	S7	S7	A	1	1	4.25	4.01	4.31	4.87	4.31	6.34	2.97	2.9	15.51	16.11	17.5	17.4	0	18.61	249.87	4.5
2015	26.10.2015	S	S7	S7	B	50	3	3.47	4.52	4.65	6	4.81	6.57	3.29	3.26	18.43	17.37	20.1	19.28	1	21.52	320.13	5.15
2015	26.10.2015	S	S7	S7	C	0	1	3.26	6.37	4.75	5.29	4.59	7.05	3.07	3.04	20.87	18.43	19.52	17.19	0	21.54	384.63	4.88
2015	26.10.2015	S	S7	S7	C	0	1	4.14	5.61	4.73	5.46	5.11	6.55	3.69	2.61	17.1	15.35	17.95	16.06	0	20.63	262.49	5.1
2015	26.10.2015	S	S7	S7	C	15	2	3.13	4.44	4.42	5.95	5.92	6.9	2.14	2.71	20.98	18.37	21.97	17.81	0	16.73	385.4	5.43
2015	26.10.2015	S	S7	S7	C	10	1	4.25	3.46	4.21	5.12	4.49	6.48	3	3.07	16.81	16.39	17.48	16.38	0	19.67	275.52	4.61
2015	26.10.2015	S	S7	S7	C	0	1	5.66	4.99	3.77	4.57	3.55	6.39	3.25	3.16	16.35	14.51	15.66	14.58	0	20.48	237.24	3.96
2015	26.10.2015	S	S7	S7	C	0	1	3.86	4.74	4.12	5.1	3.94	6.11	2.68	2.95	16.48	15.09	16.9	15.21	0	17.2	248.68	NA
2015	26.10.2015	S	S7	S7	D	2	1	4.14	5.44	5.6	6.41	5.22	9.4	4.68	4.25	23.61	26.91	26	28.34	0	41.97	635.35	5.74
2015	26.10.2015	S	S7	S7	D	2	1	3.44	4.66	5.02	5.33	4.49	7.97	3.6	3.42	18.76	21.21	19.93	21.65	0	27.97	397.9	4.95
2015	26.10.2015	S	S7	S7	D	0	1	4.53	4.1	5.15	6.03	5.53	8.47	3.73	3.53	19.41	22.11	21.74	22.92	0	30.75	429.16	5.57
2015	27.10.2015	S	S9	S10b	A	60	1	4.78	5.94	5.19	6.94	5.96	8.57	3.89	3.95	23.35	24.62	25.83	26.02	0	33.59	574.88	6.03
2015	27.10.2015	S	S9	S10b	A	70	1	3.36	6.85	6.4	7.37	6.33	8.47	4.03	4.08	25.48	26.89	26.87	25.4	1	34.35	685.16	6.7
2015	27.10.2015	S	S9	S10b	B	100	1	4.85	6.09	3.75	4.65	3.41	6.62	2.79	3.05	22.94	23.05	22.72	23.64	0	19.33	528.77	3.94
2015	27.10.2015	S	S9	S10b	B	100	1	4.7	4.83	3.78	4.92	3.32	6.41	2.61	2.86	20.66	21.44	23.85	24.67	1	17.53	442.95	4.01
2015	27.10.2015	S	S9	S10b	B	150	1	5.2	5.98	4.07	5.52	4.06	6.9	3.75	3.58	20.7	22.14	21.07	21.97	1	25.29	458.3	4.55
2015	27.10.2015	S	S9	S10b	B	100	1	4.87	5.67	3.65	5.41	4.28	7.31	3.66	3.42	19.77	20.28	21.75	21.84	NA	25.88	400.94	NA
2015	27.10.2015	S	S9	S10b	B	4	1	4.36	4.86	4.01	4.6	4.14	5.88	2.56	2.93	18.57	18	19.07	18.34	0	16.14	334.26	4.25
2015	27.10.2015	S	S9	S10b	B	10	1	4.2	5.64	3.42	5.05	4.17	6.86	3.25	3.25	20.14	20.44	21.23	20.89	1	22.3	411.66	4.21
2015	27.10.2015	S	S9	S10b	B	130	1	4.47	5.69	3.9	5.28	4	6.64	3.51	3.07	20.98	21.08	22.45	22.04	1	21.85	442.26	4.39
2015	27.10.2015	S	S9	S10b	B	25	1	5.01	5.29	4.05	5.72	4.03	7.53	3.38	3.52	21.46	22.95	24.37	25.54	0	25.98	492.51	4.6
2015	28.10.2015	S	Catalina	Catalina	A	50	1	4.12	7.06	5.25	6.29	5.03	8.79	3.98	3.71	20.33	20.36	21.09	20.78	1	33.8	413.92	5.52
2015	28.10.2015	S	Catalina	Catalina	B	35	1	3.4	5.96	5.52	7.12	5.88	8.74	4.04	3.72	21.98	24.3	22.37	24.5	1	33.91	534.11	NA
2015	28.10.2015	S	Catalina	Catalina	C	35	1	1.94	5.51	5.54	6.46	5.16	7.43	4.04	3.93	20.15	22.91	20.46	23.39	0	29.61	461.64	5.72
2015	28.10.2015	S	Catalina	Catalina	D	45	1	3.26	5.79	5.86	6.27	5.12	8.28	4.07	3.97	19.62	23.77	20.93	24.84	0	33.29	466.37	5.75
2015	28.10.2015	S	Catalina	Catalina	E	10	1	1.93	4.86	4.15	4.72	6.54	8.68	3.69	3.64	18.26	22.18	19.71	21.85	0	31.81	405.01	5.14
2015	29.10.2015	S	S8	S8	H	150	1	4.77	5.83	5.94	6.08	5.09	10.06	4.55	5.03	18.64	23.27	20.51	21.47	NA	48.19	433.75	5.7
2015	29.10.2015	S	S8	S8	I	50	2	5.5	6.91	5.22	5.78	4.75	9.44	4.65	4.55	21.29	21.62	22.07	21.15	1	43.42	460.29	5.25
2015	29.10.2015	S	S8	S8	J	30	1	3.27	5.22	4.22	5.05	4.34	6.97	3.52	3.33	20.33	20.19	21.2	19.23	0	23.87	410.46	4.54
2015	29.10.2015	S	S8	S8	K	0	1	6.62	3.59	4.27	5.02	4.18	4.28	3.38	3.41	15.12	14.98	14.62	14.22	0	14.53	226.5	4.49
2015	29.10.2015	S	S8	S8	L	35	1	4.09	5.71	5.24	5.73	3.95	7	3.65	3.31	16.98	18.45	18.73	17.43	0	24.36	313.28	4.97
2015	29.10.2015	S	S8	S8	M	1	1	5.23	NA	5.59	7.73	4.87	9.23	4.34	4.27	27.6	27.07	NA	NA	0	39.74	747.13	6.06
2015	29.10.2015	S	S8	S8	N	0	1	3.49	6.4	4.18	5.89	4.06	8.73	4.46	4.04	17.21	19.5	18.01	19.57	0	37.1	335.6	4.71
2015	29.10.2015	S	S8	S8	O	10	1	4.76	6.97	4.31	5.74	4.69	7.88	4.38	3.94	18.3	19.28	19.46	19.64	0	32.78	NA	4.91
2015	29.10.2015	S	S8	S8	P	2	1	3.43	3.8	4.14	4.16	3.31	6.31	3	3.03	18.46	17.84	18.59	19.83	0	19.02	329.33	3.87
2015	29.10.2015	S	S7	S7	F	NA	1	3.05	4.8	4.72	5.71	4.92	7.09	2.89	2.72	17.29	17.84	15.84	18.26	0	19.89	308.45	5.12
2015	29.10.2015	S	S7	S7	F	1	1	1.55	5.48	4.69	4.95	4.17	6.77	2.95	1.89	17.75	16.37	19.48	15.34	0	16.38	290.57	4.6
2015	29.10.2015	S	S7	S7	F	NA	1	3.06	5.48	5.79	6.83	6.14	6.66	2.98	2.57	20.17	18.11	20.36	17.45	NA	18.48	365.28	6.25
2015	29.10.2015	S	S7	S7	F	22	1	3.62	3.9	4.14	5.66	4.31	7.45	3.43	2.34	16.83	17.56	17.84	18.46	0	21.49	295.53	4.7
2015	29.10.2015	S	S7	S7	G	3	1	5.39	3.62	4.24	5.42	4.39	7.94	3.94	3.33	18.47	19.01	19.41	20.06	0	28.86	351.11	4.68
2015	29.10.2015	S	S7	S7	G	2	1	3.35	2.62	4.35	5.27	5.25	7.93	3.71	3.32	16.3	17	18.84	20.08	0	27.87	277.1	4.96
2015	29.10.2015	S	S7	S7	G	5	3	2.59	4.15	4.3	4.78	4.69	6.89	3.33	3.38	17.97	18.2	19.98	19.74	0	23.12	327.05	4.59
2015	29.10.2015	S	S7	S7	H	1	1	4.95	4.69	4.01	5.77	4.33	7.53	4.06	3.9	13.18	14.29	15.85	15.48	0	29.97	188.34	4.7
2015	29.10.2015	S	S7	S7	H	2	1	6.22	5.18	6.02	7.7	5.26	8.73	4.16	3.78	23.24	23.39	28.15	26.17	0	34.66	543.58	6.33
2015	29.10.2015	S	S7	S7	D	0	1	5.42	4.8	5.47	8.11	6.81	8.52	4.25	3.92	27.55	27.31	NA	26.6	0	34.8	752.39	6.8
2015	29.10.2015	S	S7	S7	I	1	1	4.05	4.01	4.78	5.53	5.03	7.79	3.07	3.65	19.82	23.31	21.35	23.25	0	26.17	462	5.11
2015	29.10.2015	S	S7	S7	J	2	1	2.65	4.56	5.43	4.95	4.16	6.1	2.34	2.57	18.4	18.51	20.82	20.15	0	14.98	340.58	4.85
2015	29.10.2015	S	S7	S7	F	1	1	3.94	4.55	4.85	5.24	5.1	6.29	2.6	2.56	18.08	16.45	17.64	15.63	0	16.23	297.42	5.06
2015	29.10.2015	S	S7	S7	F	3	1	3.93	4.93	4.77	5.39	4.98	6.41	2.51	2.49	19.07	17.85	20.43	17.61	0	16.03	340.4	5.05
2015	30.10.2015	S	S2	S2	A	0	1	5.11	4.02	4.25	5.71	4.44	7.04	3.52	3.5	19.48	21.98	19.81	21.18	0	24.71	428.17	4.8
2015	30.10.2015	S	S2	S2	B	0	1	3.09	4.7	4.51	6.08	4.23	7.12	3.44	3.33	16.54	18.79	16.89	18.51	0	24.1	310.79	4.94
2015	30.10.2015	S	S2	S2	B	0	1	3.38	4.39	5.13	6.54	5.04	7.82	3.36	3.31	17.47	19.79	18.78	21.14	0	26.08	345.73	5.57
2015	30.10.2015	S	S2	S2	C	0	1	3.29	5.17	5.87	6.57	5.74	8.01	4.34	3.73	20.02	20.85	19.66	21.48	0	32.32	417.42	6.06
2015	30.10.2015	S	S2	S2	D	8	1	4.32	5.43	4.73	5.16	4.64	7.01	3.41	3.19	15.16	16.09	15.77	16.81	0	23.13	243.92	4.84
2015	30.10.2015	S	S2	S2	E	10	2	4.35	4.35	4.4	4.73	4.03	7.72	3.11	2.98	18.77	21.42	19.63	20.13	0	23.51	402.05	4.39
2015	30.10.2015	S	S2	S2	F	11	1	3.72	4.48	3.68	4.52	3.83	5.49	2.76	2.79	15.64	15.74	16.11	17.36	0	15.23	246.17	4.01
2015	30.10.2015	S	S2	S2	G	0	1	5.62	4.01	4.43	5.29	3.94	7.16	3.57	3.56	15.74	15.47	17.06	16.65	0	25.53	243.5	4.55
2015	30.10.2015	S	S2	S2	H	5	1	2.93	4.02	4.62	5.2	4.7	6.88	2.9	2.95	14.78	18.08	16.68	18.86	0	20.12	267.22	4.84
2015	30.10.2015	S	S2	S2	I	1	2	5.87	4.59	5.6	6.29	4.81	7.06	3.66	3.67	19.51	19.34	20.34	20.41	0	25.87	377.32	5.57
2015	30.10.2015	S	S2	S2	J	7	1	3.13	4.67	5.74	6.22	5.26	8.13	3.64	3.82	19.39	21.49	21.81	22.3	0	30.32	416.69	5.74
2015	30.10.2015	S	S2	S2	K	6	1	3.46	4.73	3.91	4.27	4.53	5.82	3.02	2.74	15.69	17.4	18.97	18.47	0	16.76	273.01	4.24
2015	30.10.2015	S	S2	S2	L	15	1	2.74	6.22	4.57	5.8	5.92	8.7	4.02	4.13	19.79	24.2	23.1	26.54	0	35.45	478.92	5.43
2015	30.10.2015	S	S2	S2	M	1	1	3.11	4.4	4.97	5.89	4.52	8.23	3.53	3.48	16.98	20.36	18.2	21.39	0	28.85	345.71	5.13
2015	31.10.2015	S	S20	B	1	0	2	3.38	6.64	4.79	5.26	4.79	7.22	3.98	3.55	19.12	19.18	16.75	17.71	0	27.18	366.72	4.95
2015	31.10.2015	S	S20	B	3	0	5	2.63	5.87	5.11	6.19	5.42	7.77	4.02	3.98	21.45	19.74	NA	19.2	0	31.08	423.42	5.57
2015	31.10.2015	S	S20	B	3	2	4	7.7	7.92	5.2	6.18	NA	8.98	3.91	4.17	17.66	18.06	NA	NA	1	36.28	318.94	5.69
2015	31.10.2015	S	S20	B	3	1	3	7.47	6.23	4.54	4.72	4.69	7.66	3.63	3.34	18.31	18.21	18.97	17.59	0	26.7	333.43	4.65
2015	31.10.2015	S	S20	C	2	50	1	6.03	6.13	4.54	6.58	5.13	8.32	4.24	4.18	22.52	22.11	23.68	23.67	1	35.03	497.92	5.42
2015	31.10.2015	S	S20	C	2	10	3	4.71	6.54	4.9	5.89	4.29	8.62	4.15	4.59	24.69	24.49	24.58	25.6	0	37.67	604.66	5.03
2015	31.10.2015	S	S20	C	1	35	1	7.18	5.87	4.38	6.19	4.86	8.71	4.44	4.64	24.3	22.73	25.11	23.31	1	39.54	552.34	5.14
2015	31.10.2015	S	S20	C	1	15	3	6.3	6.37	4.14	4.96	4.41	10.31	4.85	4.84	26.03	22.8	26.03	25.37	1	49.95	593.48	4.5
2015	31.10.2015	S	S20	C	1	0	1	7.77	3.92	NA	NA	NA	7.39	3.76	3.71	NA	NA	NA	NA	0	27.6	NA	NA
2015	31.10.2015	S	S20	C	1	5	1	NA	NA	4.48	5.02	4.98	6.45	3.57	2.9	17.82	16.95	19.78	19.44	1	20.87	302.05	4.83
2015	31.10.2015	S	S20	C	1	10	1	6.27	7.05	4.31	5.59	4.83	8.33	4.12	4	22.98	21.2	24.16	22.95	1	33.82	487.18	4.91
2015	31.10.2015	S	S20	C	1	25	1	7.5	7.37	5.3	5.77	5.85	7.79	4.23	4.27	22.05	20.46	20.86	19.9	1	33.11	451.14	5.64
2015	31.10.2015	S	S20	C	1	15	1	NA	NA	4.04	5.56	4.8	8.98	4.37	4.01	23.11	21.44	24.98	22.19	1	37.63	495.48	4.8
2015	31.10.2015	S	S20	C	1	NA	1	6.4	5.89	2.91	4.5	3.36	7.96	3.68	3.9	19.54	19.38	20.64	19.29	1	30.17	378.69	3.59
2015	31.10.2015	S	S20	A	1	30	1	6.87	5.9	4.81	5.86	4.4	8.25	4.27	4.07	23.67	20.92	24.24	22.75	1	34.4	495.18	5.02
2015	31.10.2015	S	S19	A	1	14	2	7.14	7.75	4.92	5.69	5.15	8.42	4.32	3.86	20.6	21.6	22.3	21.57	1	34.44	444.96	5.25
2015	31.10.2015	S	S19	A	1	5	2	5.07	5.32	4.45	5.02	4.23	7.29	3.68	4.1	19.95	19.2	20.13	19.03	1	28.36	383.04	4.57
2015	31.10.2015	S	S19	A	1	25	3	6.57	6.92	4.68	5.3	4.45	8.62	3.97	3.92	21.43	22.99	20.93	21.38	1	34.01	492.68	4.81
2015	31.10.2015	S	S19	B	1	15	1	6.31	4.56	5.46	6.16	5.32	7.87	3.35	3.06	22.88	22.36	24.1	23.74	1	25.22	511.6	5.65
2015	31.10.2015	S	S19	B	1	25	2	4.06	7.34	5.84	6.43	5.06	6.72	3.61	3.88	26.58	23.81	26.99	24.82	1	25.17	632.87	5.78
2015	31.10.2015	S	S19	B	2	20	1	4.22	6.16	4.55	6.29	4.73	8.13	3.97	4.08	25.03	25.03	25.89	23.41	1	32.72	626.5	5.19
2015	01.11.2015	S	S19	B	3	20	3	6.53	5.83	4.67	5.26	3.85	6.77	2.72	2.36	18.68	17.41	19.21	17.45	1	17.2	325.22	4.59
2015	01.11.2015	S	S19	B	3	5	1	6.27	5.94	5.29	6.69	5.34	6.94	2.48	2.48	19.6	17.39	20.47	18.3	1	17.21	340.84	5.77
2015	01.11.2015	S	S19	B	4	0	1	5.51	3.93	4.3	5.48	4.73	7.11	3.27	3.27	17.57	16.82	19.5	17.63	1	23.25	295.53	4.84
2015	01.11.2015	S	S19	A	1	2	2	5.16	7.91	4.72	5.95	5.46	8.75	3.7	4.03	21.68	21.09	23.13	20.21	1	33.82	457.23	5.38
2015	01.11.2015	S	S19	A	1	0	1	6.89	6.63	4.63	5.14	4.71	8.31	3.76	3.84	18.58	17.9	17.89	17.2	1	31.58	332.58	4.83
2015	01.11.2015	S	S19	A	3	0	1	7.37	6.55	4.79	5.6	4.78	8.15	3.89	3.9	15.86	16.32	14.43	14.76	0	31.74	258.84	5.06
2015	01.11.2015	S	S20	A	1	NA	1	8.36	7.29	3.7	5.43	4.94	9.82	4.92	5.05	25.15	24.33	26.14	24.14	1	48.95	611.9	4.69
2015	01.11.2015	S	S20	A	1	NA	2	8.15	6.98	4.17	5.12	3.93	9.4	4.76	4.72	22.14	21.88	24.95	23.4	1	44.56	484.42	4.41
2015	01.11.2015	S	S20	A	2	50	3	4.37	6.05	4.52	4.89	4.44	7.66	3.75	3.72	23.88	22.25	23.24	21.92	1	28.61	531.33	4.62
2015	03.11.2015	S	S18	S18	A	5	1	NA	NA	4.6	NA	5.38	7.48	3.7	3.79	23.61	22.54	26.64	27.38	0	28.01	532.17	4.99
2015	03.11.2015	S	S18	S18	B	2	3	NA	NA	NA	4.29	4.18	9.09	4.22	3.85	17.13	17.39	18.73	20.3	1	36.68	297.89	4.24
2015	03.11.2015	S	S18	S18	B	NA	1	NA	NA	NA	NA	NA	7.85	3.51	3.78	21.39	20.16	21.98	21.3	1	28.61	431.22	NA
2015	03.11.2015	S	S18	S18	C	0	3	4.17	4.44	3.95	5.03	5.06	7.72	3.4	3.3	13.06	13.67	13.96	14.04	0	25.86	178.53	4.68
2015	03.11.2015	S	S18	S18	D	3	3	5.58	5.72	5.15	5.6	4.58	8.1	2.96	3.2	19.74	20.82	19.26	20.14	0	24.95	410.99	5.11
2015	03.11.2015	S	S18	S18	D	0	2	6.08	6.26	4.67	4.96	4.75	7.18	2.68	2.66	16.68	17.25	15.3	15.79	0	19.17	287.73	4.79
2015	03.11.2015	S	S18	S18	B	1	1	NA	NA	5.16	6.19	5.6	8.66	3.91	3.8	16.66	18.07	16.5	17.31	0	33.38	301.05	5.65
2015	03.11.2015	S	S18	S18	A	0	1	5.14	4.57	4.33	3.73	NA	8.03	3.48	3.67	17.47	17.17	18.63	18.44	1	28.71	299.96	4.03
2015	03.11.2015	S	S18	S18	E	2	1	4.27	5.9	6	6.73	6.26	8.12	3.5	3.67	22.41	22	22.2	21.24	0	29.11	493.02	6.33
2015	03.11.2015	S	S18	S18	B	5	1	2.3	NA	4.35	5.35	4.59	8.93	4.09	4.2	20.53	20.49	21.22	20.09	0	37.01	420.66	4.76
2015	03.11.2015	S	S18	S18	B	4	6	4.93	3.36	5.71	6.79	4.67	9.58	4.67	4.5	23.54	23.69	24.06	24.49	1	43.92	557.66	5.72
2015	03.11.2015	S	S18	S18	B	8	3	NA	NA	NA	NA	NA	9.52	4.34	4.72	22.75	23.46	22.94	23.35	1	43.13	533.72	NA
2015	03.11.2015	S	S18	S18	B	11	3	4.06	5.29	4.52	5.44	5.34	7.87	3.66	3.94	20.44	19.73	22.89	19.89	1	29.91	403.28	5.1
2015	03.11.2015	S	S18	S18	B	15	6	4.85	4.8	5.16	6.79	5.73	9.57	4.65	4.71	23.25	25.41	28.22	27.03	1	44.79	590.78	5.89
2015	03.11.2015	S	S28	S28	D	75	2	6.26	6.31	5.22	6.11	4.63	7.94	3.43	3.4	19.38	19.53	20.46	20.25	1	27.12	378.49	5.32
2015	03.11.2015	S	S28	S28	D	6	1	NA	NA	4.85	5.09	3.93	6.69	3.17	3.22	14.86	15.85	16.96	19.66	1	21.37	235.53	4.62
2015	03.11.2015	S	S28	S28	D	40	3	4.88	6.12	4.73	5.94	4.61	6.82	3.5	3.35	19.12	18.91	20.63	19.85	0	23.36	361.56	5.09
2015	03.11.2015	S	S28	S28	F	NA	1	NA	NA	NA	NA	NA	7.27	3.5	3.61	18.04	17.74	NA	18.95	0	25.84	320.03	NA
2015	03.11.2015	S	S28	S28	F	15	5	3.88	3.27	3.51	5.41	4.19	6.97	3.29	3.6	19.7	19.31	19.72	18.51	0	24.01	380.41	4.37
2015	03.11.2015	S	S28	S28	F	1	3	4.76	4.73	4.91	6.71	5.49	8.08	4.43	4.04	19.67	20.87	21.71	22.26	0	34.22	410.51	5.7
2015	03.11.2015	S	S28	S28	G	1	1	4.07	5.93	3.44	4.35	4.43	6.2	3.05	2.85	14.54	16.58	18.34	18.32	1	18.29	241.07	4.07
2015	03.11.2015	S	S28	S28	G	18	2	5.79	5.62	3.78	4.8	3.76	6.46	3.34	3.06	17.3	17.68	17.52	17.41	0	20.67	305.86	4.11
2015	03.11.2015	S	S28	S28	K	1	1	7.28	5.97	4.45	4.69	NA	6.49	3.1	2.98	17.75	19.93	18.06	19.09	1	19.73	353.76	4.57
2015	04.11.2015	S	S8	S8	10	35	1	5.41	5.76	4.4	5.44	4.59	7.54	3.71	3.46	23.25	24.75	23.8	25.15	0	27.03	575.44	4.81
2015	04.11.2015	S	S8	S8	10	110	1	5.72	5.49	4.18	5.58	4.95	8.26	3.81	3.78	22.19	22.01	23.48	22.43	1	31.35	488.4	4.9
2015	04.11.2015	S	S8	S8	30	120	1	4.06	5.49	4.25	4.85	3.79	7.53	3.84	3.49	21.66	20.95	21.47	20.83	0	27.6	453.78	4.3
2015	04.11.2015	S	S8	S8	29	25	4	2.92	5.76	2.82	4.85	3.73	6.36	3.72	2.88	23.7	21.67	22.67	18.05	1	20.99	513.58	3.8
2015	05.11.2015	S	S9	S9	1	17	1	2.05	4.29	3.67	4.87	4.7	6.17	3.1	3.13	14.68	14.67	16.73	16.72	1	19.22	215.36	4.41
2015	05.11.2015	S	S9	S9	2	0	3	3.89	4.52	4	4.74	3.84	7.37	2.89	3.14	NA	17.17	17.05	17.87	1	22.22	NA	4.19
2015	05.11.2015	S	S9	S9	2	34	1	2.44	5.73	4.18	5.62	4.86	7.96	3.15	3.54	18.23	20.36	18.93	19.28	0	26.63	371.16	4.89
2015	05.11.2015	S	S9	S9	5	15	1	3.52	5.26	3.89	4.75	4.41	7.33	3.29	3.17	20.57	20.72	19.63	21.12	0	23.68	426.21	4.35
2015	06.11.2015	S	S9	S10	A	0	1	3.64	NA	3.35	4.2	3.53	6.2	2.7	2.65	14.1	15.89	13.13	13.28	0	16.59	224.05	3.69
2015	06.11.2015	S	S9	S10	B	0	1	3.25	5.35	4.65	5.39	3.94	7.12	3.34	3.3	19.37	19.93	18.53	18.83	0	23.64	386.04	4.66
2015	06.11.2015	S	S9	S10	B	10	1	4.32	4.75	4.08	4.68	4.37	6.32	3.18	3.02	18.79	18.17	17.85	15.8	1	19.59	341.41	4.38
2015	24.11.2015	S	S29	S29	3	4	3	2.92	2.73	3.38	4.41	3.7	6.94	3.19	2.91	14.83	16.28	18.18	19.3	1	21.17	241.43	3.83
2015	24.11.2015	S	S29	S29	5	0	1	4.77	3.45	4.15	4.52	4.19	7.35	3.32	3.39	18.38	17.31	16.41	15.77	1	24.66	318.16	4.29
2015	24.11.2015	S	S29	S29	5	2	1	4.22	3.24	4.19	5.07	3.37	7.31	3.8	3.72	16.43	15.67	16.68	16.38	0	27.49	257.46	4.21
2015	24.11.2015	S	S29	S29	5	0	1	2.77	3.42	4.45	4.18	3.37	7	3.53	3.63	14.87	15.55	16.34	15	1	25.06	231.23	4
2015	30.11.2015	S	S6	S6	A	80	4	2.92	3.07	5.21	6.37	4.77	7.14	2.97	2.76	18.81	17.22	20.24	17.64	1	20.46	323.91	5.45
2015	30.11.2015	S	S6	S6	A	6	2	2.68	3.42	4.28	5.79	4.38	6.26	2.7	2.28	15.99	16.04	17.87	18.06	0	15.59	256.48	4.82
2015	01.12.2015	S	S6	S6	A	65	1	3.25	3.44	5.07	6.08	4.24	6.57	3.04	2.88	19.81	16.57	22.9	19.85	0	19.45	328.25	5.13
2015	09.12.2015	O	O6	O6	10	NA	1	0.49	3.74	6.6	7.99	7.22	3.66	2.55	2.79	23.05	23.35	22.19	23.37	1	9.77	538.22	7.27
2015	09.12.2015	O	O6	O6	A	140	4	1.17	5.93	5.78	8.14	5.67	7.37	4.06	4.47	30.65	26.04	33.73	28.64	1	31.43	798.13	6.53
2015	09.12.2015	O	O6	O6	A	100	3	4.39	4.04	9.25	11.65	10.71	6.91	4.25	4.39	33.22	38.37	32.16	32.03	0	29.85	1274.65	10.54
2015	09.12.2015	O	O6	O6	A	25	5	1.02	3.56	NA	5.92	NA	6.51	4.43	4.31	NA	26.26	28.41	NA	0	28.45	NA	5.92
2015	09.12.2015	O	O6	O6	B	200	3	2.05	5.19	8.43	11.48	10.92	7.11	3.02	3.44	27.01	29.13	30.83	28.55	0	22.97	786.8	10.28
2015	09.12.2015	O	O6	O6	C	250	6	0.3	5.35	6.42	8.27	4.9	6.88	3.71	3.54	29.53	25.98	30.79	25.53	0	24.94	767.19	6.53
2015	09.12.2015	O	O6	O6	A	40	1	2.25	6.48	7.7	NA	NA	7.48	4.5	4.48	NA	29.95	30.61	29.47	0	33.59	NA	7.7
2015	07.12.2015	D	D4	D4	22	60	1	NA	NA	5.23	7.78	6.09	7.83	5.64	5.85	36.01	26.29	37.98	28.18	0	44.98	946.7	6.37
2015	07.12.2015	D	D4	D4	22	15	9	7.53	8.69	4.55	5.98	6.38	7.98	5.77	5.5	39.24	26.91	NA	NA	NA	44.97	1055.95	5.64
2015	07.12.2015	D	D4	D4	22	5	1	NA	NA	5.25	6.53	6.28	7.36	4.98	5.11	32.93	22.24	36.94	25.57	0	37.13	732.36	6.02
2015	07.12.2015	D	D4	D4	22	0	7	6.87	8.12	5.81	NA	6.06	7.78	5.38	5.96	NA	20.27	NA	NA	0	44.11	NA	5.94
2015	07.12.2015	D	D4	D4	22	0	5	9.58	8.62	5.75	NA	6.65	8.08	4.85	4.73	31.09	NA	33.63	25.8	0	38.7	NA	6.2
2015	10.12.2015	O	O5	O5	1	50	1	1.9	4.5	7.16	7.98	8	6.68	4.52	4.61	27.4	29.82	NA	30.14	0	30.49	817.07	7.71
2015	10.12.2015	O	O5	O5	3	200	1	0	NA	9.71	11.66	9.98	6.35	3.65	3.36	26.77	28.66	32.66	27.29	0	22.26	767.23	10.45
2015	10.12.2015	O	O5	O5	5	0	1	4.71	5.74	3.91	4.32	4.79	7.18	3.63	3.73	NA	23.69	21.11	20.87	0	26.42	NA	4.34
2015	10.12.2015	O	O5	O5	5	0	2	5.18	4.5	3.12	3.95	4.59	6.82	3.93	3.79	22.57	23.69	24.19	21.48	1	26.33	534.68	3.89
2015	10.12.2015	O	O5	O5	5	NA	1	7.82	4.51	4.23	3.5	3.97	7.07	3.76	3.89	NA	NA	NA	NA	0	27.04	NA	3.9
2015	10.12.2015	O	O5	O5	12	0	6	7.72	4.91	NA	6.08	NA	7.2	2.92	3.07	30.1	27.86	27.57	23.81	1	21.56	838.59	6.08
2015	05.12.2015	W	W11	W11	3	0	3	3.55	5.52	7.83	NA	8.03	5.5	3.09	3.2	26.6	23.56	31.08	29.32	NA	17.3	626.7	7.93
2015	05.12.2015	W	W11	W11	3	75	4	1.65	6	9.18	9.83	8.05	6.44	3.21	3.46	29.4	27.72	32.86	30.28	0	21.48	814.97	9.02
2015	05.12.2015	W	W11	W11	1	11	3	2.64	5.02	7.25	7.48	6.95	5.57	3.13	3.45	20.37	22.12	23.28	23.34	0	18.33	450.58	7.23
2015	05.12.2015	W	W11	W11	1	25	3	NA	NA	6.06	7.26	6.86	4.05	2.3	2.38	25.76	21.23	32.48	25.84	0	9.48	546.88	6.73
2015	05.12.2015	W	W11	W11	2	20	3	4.61	5.82	7.05	8.19	7.38	4.84	3.11	3.11	23.62	23.2	27.3	27.56	0	15.05	547.98	7.54
2015	05.12.2015	W	W11	W11	2	11	3	2.65	5.5	6.87	7.77	7.15	5.78	3.11	3.24	25.52	21.36	29.33	25.32	1	18.35	545.11	7.26
2015	05.12.2015	W	W11	W11	10	50	4	5.56	4.59	6.68	7.95	6.45	5.23	2.82	2.99	27.84	24.58	34.23	29.25	0	15.19	684.31	7.03
2015	05.12.2015	W	W11	W11	8	10	3	3.7	5.99	7.94	9.1	8.1	6.05	4.05	4.35	26.34	24.15	31.49	29.67	1	25.41	636.11	8.38
2015	05.12.2015	W	W11	W11	8	2	1	0.91	4.89	5.29	6.84	4.97	6.27	3.89	4.01	NA	NA	27.26	22.11	1	24.77	NA	5.7
2015	05.12.2015	W	W11	W11	8	180	1	2.44	4.24	8.41	9.62	8.67	6.64	3.58	3.56	25.5	21.19	29.52	26.5	1	23.7	540.35	8.9
2015	05.12.2015	W	W11	W11	8	65	2	1.73	5.27	7.88	8.79	8.02	6.27	4.18	4.32	25.5	22.68	28.36	27.58	1	26.65	578.34	8.23
2015	05.12.2015	W	W11	W11	7	35	2	3.63	6.1	8.54	9.37	8.34	6.77	3.54	3.59	30.4	27.49	35.72	31	1	24.14	835.7	8.75
2015	05.12.2015	W	W11	W11	5	55	1	1.65	4.47	7.88	8.39	7.71	5.79	3.58	3.74	22.55	22.91	25.2	28.91	1	21.19	516.62	7.99
2015	11.12.2015	H	H6	H6	1	1	1	1.49	4.94	4.65	4.92	4.41	4.78	1.8	2.03	14.92	14.97	16.53	14.69	0	9.15	223.35	4.66
2015	11.12.2015	H	H6	H6	1	15	3	1.86	3.43	4.95	4.22	4.41	4.69	1.7	1.56	14.59	14.61	14.66	13.83	0	7.64	213.16	4.53
2015	11.12.2015	H	H6e	O4	1	0	1	2.73	4.13	NA	NA	NA	4.36	1.39	1.58	10.56	10.99	10.83	10.08	0	6.47	116.05	NA
2015	11.12.2015	H	H6e	O4	1	40	7	1.06	4.07	3.57	4.15	3.22	5.21	1.68	1.63	16.49	21.02	17.19	20.65	0	8.62	346.62	3.65
2015	11.12.2015	H	H6e	O4	1	10	1	1.73	3.45	NA	NA	NA	5.13	2.06	1.74	16.26	17.8	17.18	16.23	0	9.75	289.43	NA
2015	11.12.2015	O	O1	O1	1	30	1	2.58	4.67	5.6	6.49	5.79	5.72	2.8	2.92	25.88	24.98	25.48	22.11	0	16.36	646.48	5.96
2015	11.12.2015	O	O1	O1	2	NA	3	1.04	4.85	7.15	8.68	7.69	6.26	3.95	3.87	33.47	27.34	29.6	25.14	0	24.48	915.07	7.84
2015	11.12.2015	O	O1	O1	3	NA	3	5.45	NA	NA	NA	NA	5.75	2.69	2.91	32.81	27.81	36.34	22.48	1	16.1	912.45	NA
2015	11.12.2015	D	D6	D6	1	1	1	6.15	9.27	5.71	6.34	5.6	7.73	5.42	5.46	38.98	28.94	39.49	33.04	0	42.05	1128.08	5.88
2015	11.12.2015	D	D6	D6	1	1	5	9.48	9.58	5.15	3.78	3.79	8.09	5.56	6.08	43.7	30	46.34	37.26	1	47.08	1311	4.24
2015	11.12.2015	D	D6	D6	1	NA	1	8.73	9.57	5.24	5.86	4.22	7.45	5.87	5.79	36.69	28.03	39.56	28.23	1	43.43	1028.42	5.11
2015	11.12.2015	D	D6	D6	1	NA	1	NA	9.02	NA	NA	NA	7.02	5.07	4.97	33.56	24.29	38.64	28.53	NA	35.24	815.17	NA
2015	11.12.2015	D	D6	D6	1	NA	1	NA	7.51	NA	NA	NA	6.66	3.97	4.19	36.32	26.76	42.54	31.24	1	27.17	971.92	NA
2015	11.12.2015	D	D6	D6	1	0	2	7.54	8.73	5.87	6.96	5.29	7.45	5.32	5.45	30.82	NA	40.68	30.65	0	40.12	NA	6.04
2015	11.12.2015	D	D6	D6	1	7	4	5.07	10.09	6.14	7.46	6.64	8.56	6.29	6.3	41.44	36.63	48.4	41.25	1	53.89	1517.95	6.75
2015	11.12.2015	D	D6	D6	1	3	1	8.35	9.79	5.98	7.07	5.33	7.77	5.69	5.72	33.17	26.9	38.27	31.29	1	44.33	892.27	6.13
2015	11.12.2015	D	D6	D6	1	NA	6	6.29	10.56	5.01	7.41	5.42	8.43	6.32	6.13	41.9	30.9	50.66	37.04	0	52.48	1294.71	5.95
2015	11.12.2015	D	D6	D6	1	NA	3	8.58	9.7	4.53	6.26	5.04	8.7	6.16	6.27	41.84	32.49	NA	37.79	0	54.07	1359.38	5.28
2015	11.12.2015	D	D6	D6	2	0	2	6.51	8.89	5.91	6.17	6.13	8.1	6.23	6.25	28.62	26.31	34	31.31	1	50.54	752.99	6.07
2015	11.12.2015	D	D6	D6	2	0	1	6.59	8.07	4.65	4.89	4.67	6.82	5.29	5.46	26.17	24.19	33.53	29.38	1	36.66	633.05	4.74
2015	12.12.2015	T	T4	QA	14	3	1	2.4	11.31	14.41	15.49	14.85	9.83	4.67	4.48	38.44	39.13	38.41	37.84	0	44.97	1504.16	14.92
2015	12.12.2015	D	D2	D2	1	2	10	14.4	10.02	5.71	6.16	4.94	7.76	5.57	5.59	40.07	29.04	42.51	28.92	0	43.3	1163.63	5.6
2015	12.12.2015	D	D2	D2	1	0	2	10.81	11.04	4.08	7.22	4.52	8.86	6.69	6.52	47.57	33.33	47.21	38.7	1	58.52	1585.51	5.27
2015	12.12.2015	T	T4	Londres	5	175	2	6.6	12.04	13.15	13.5	13.29	9.82	4.17	4.17	30.75	33.97	31.12	31.54	1	40.95	1044.58	13.31
2015	12.12.2015	T	T4	Londres	5	18	1	3.61	10.89	10.87	10.83	10.68	9.83	4.42	4.45	30.17	31.06	30.61	30.55	1	43.6	937.08	10.79
2015	12.12.2015	T	T4	Londres	5	40	2	4.08	12.91	12.3	12.55	13	10.2	4.46	4.55	33.65	38.05	34.14	34.16	0	45.95	1280.38	12.62
2015	12.12.2015	T	T4	Londres	5	150	3	1.95	11.64	12.73	12.38	11.13	9.2	4.12	4.19	36.9	37.71	35.3	36.69	0	38.23	1391.5	12.08
2015	12.12.2015	T	T4	Londres	5	75	2	4.42	12.03	11.87	13.62	11.67	10.44	4.2	4.21	31.18	35.77	31.7	34.09	0	43.9	1115.31	12.39
2015	12.12.2015	T	T4	Londres	5	35	1	0	11.43	9.88	13.97	9.94	9.2	3.8	3.75	29.47	30.69	29.93	28.92	0	34.73	904.43	11.26
2015	12.12.2015	T	T4	T4	15	15	1	NA	12.12	NA	NA	NA	10.03	4.16	4.41	38.64	39.44	42.63	40.18	0	42.98	1523.96	NA
2015	12.12.2015	T	T4	T4	15	8	2	NA	12.56	NA	NA	NA	10.93	4.66	4.91	40.55	44.54	40.61	42.31	0	52.3	1806.1	NA
2015	12.12.2015	T	T4	T4	15	30	NA	NA	11.23	NA	NA	NA	10.6	4.68	4.8	36.39	41.23	38.34	40.67	0	50.24	1500.36	NA
2015	12.12.2015	S	S30	S30	4	NA	10	NA	NA	NA	NA	NA	5.1	2.18	2.19	11.34	12.11	NA	NA	NA	11.14	137.33	NA
2015	12.12.2015	S	S30	S30	4	NA	10	NA	NA	NA	NA	NA	4.36	1.76	2.04	11.61	11.4	NA	NA	NA	8.28	132.35	NA
2015	12.12.2015	S	S30	S30	4	NA	1	3.52	2.54	2.69	2.85	2.5	3.13	1.25	1.42	6.99	6.44	NA	NA	NA	4.18	45.02	2.68
2015	12.12.2015	S	S30	S30	4	NA	8	NA	NA	2.6	2.19	2.12	4.41	1.69	1.91	9.75	8.64	NA	NA	NA	7.94	84.24	2.3
2015	12.12.2015	S	S30	S30	4	NA	10	NA	NA	2.97	3.35	2.54	4.16	1.68	1.69	12.09	11.28	NA	NA	NA	7.01	136.38	2.95
2015	12.12.2015	S	S30	S30	4	NA	1	2.4	3.35	2.34	3.38	2.86	4.64	1.72	1.86	10.81	11.11	NA	NA	NA	8.31	120.1	2.86
2015	12.12.2015	S	S30	S30	4	NA	1	2.39	2.7	2.33	3.06	2.4	4.9	1.42	1.41	10	10.73	NA	NA	NA	6.93	107.3	2.6
2015	12.12.2015	S	S30	S30	4	NA	NA	2.93	2.86	2.22	3.08	NA	NA	NA	NA	10.76	11.44	NA	NA	NA	NA	123.09	2.65
2015	13.12.2015	T	T4	T4	17	1	1	3.86	11.01	12.23	14.31	13.1	9.99	4.23	4.14	32.19	36.68	34.78	36.18	0	41.81	1180.73	13.21
2015	13.12.2015	T	T4	T4	17	1	2	4.33	11.59	13.51	NA	13.69	9.67	4.35	4.1	28.6	33.4	32.91	32.81	0	40.86	955.24	13.6
2015	13.12.2015	T	T4	T4	17	40	2	2.23	11.05	13.44	15.14	14.81	10.07	4.15	4.11	35.74	38.38	34.49	37.56	0	41.59	1371.7	14.46
2015	13.12.2015	T	T4	T4	17	110	1	1.41	10.77	12.67	13.61	13.65	10.19	4.12	4.31	28.26	34.01	32.01	33.74	0	42.95	961.12	13.31
2015	13.12.2015	S	S30	S30	5	90	3	2.01	3.54	3.35	3.25	2.89	4.82	1.86	1.84	13.54	12.91	NA	NA	0	8.92	174.8	3.16
2015	13.12.2015	S	S30	S30	5	120	10	0.51	4.17	4.26	4.53	4.04	4.72	1.84	1.7	15.44	15.82	NA	NA	1	8.35	244.26	4.28
2015	13.12.2015	S	S30	S30	5	8	4	2.51	4.33	3.93	3.95	3.34	5.51	1.79	1.8	11.07	11.1	NA	NA	0	9.89	122.88	3.74
2015	13.12.2015	S	S30	S30	5	80	4	1.97	4.16	3.34	3.98	3.68	5.18	1.88	1.64	13.78	13.42	NA	NA	1	9.12	184.93	3.67
2015	13.12.2015	T	T4	T4	17	0	1	1.55	9.22	12.09	13.21	10.73	8.52	3.46	3.25	29.12	32.44	33.68	35.64	0	28.58	944.65	12.01
2015	13.12.2015	S	S30	S30	6	17	5	2.71	4.35	3.8	4.22	3.83	6.1	2.48	2.47	14.17	16.13	NA	NA	0	15.1	228.56	3.95
2015	13.12.2015	S	S30	S30	6	85	3	1.02	3.54	3.8	4.48	4.3	5.65	2.14	2.57	15.39	14.86	NA	NA	0	13.31	228.7	4.19
2015	13.12.2015	T	T4	T4	21	35	1	4.54	10.57	8.3	9.82	9.28	7.44	3.63	3.73	29.45	29.12	27.75	26.79	0	27.38	857.58	9.13
2015	13.12.2015	T	T4	T4	3	60	3	2.72	11.98	12.9	17.16	13.55	10.7	4.18	4.47	33.98	40.57	35.43	39.79	0	46.28	1378.57	14.54
2015	13.12.2015	T	T4	T4	17	40	1	3.22	11.15	13.8	12.42	12.2	10.34	4.61	4.48	32.42	33.81	33.82	34.31	0	47	1096.12	12.81
2015	13.12.2015	T	T4	T4	17	1	1	1.86	9.4	12.18	13.43	11.23	9.28	3.99	4.08	25.55	28.89	31.16	32.45	0	37.44	738.14	12.28
2015	13.12.2015	T	T4	T4	17	0	1	3.84	10.42	NA	10.79	7.82	9.54	4.4	4.08	29.56	30.37	32.43	30.76	0	40.45	897.74	9.31
2014	01.12.2014	W	W5	W5	NA	NA	3	2.59	8.03	NA	11.86	NA	6.25	3.31	3.88	28.83	30.74	36.16	34.67	NA	22.47	886.23	11.86
2014	01.12.2014	W	W5	W5	NA	NA	4	3.88	6.81	NA	9.88	NA	7.14	4.25	4.31	25.12	24.91	31.01	29.83	NA	30.56	625.74	9.88
2014	01.12.2014	W	W5	W5	NA	NA	8	6.11	4.69	NA	NA	NA	7.23	4.22	5	44.69	43.95	51.09	47.1	NA	33.33	1964.13	NA
2014	01.12.2014	W	W5	W5	NA	NA	8	4.46	5.73	NA	9.82	NA	5.68	3.71	4.11	33.06	30.31	39.38	34.33	NA	22.21	1002.05	9.82
2014	01.12.2014	W	W5	W5	NA	NA	9	5.06	5.39	NA	9.92	NA	6.36	4.47	4.32	36.01	29.01	40.78	36.63	NA	27.95	1044.65	9.92
2014	01.12.2014	W	W5	W5	NA	NA	1	5.33	2.88	NA	8.5	NA	5.98	3.47	3.52	24.72	23.03	29.63	25.18	NA	20.9	569.3	8.5
2014	01.12.2014	W	W5	W5	NA	NA	9	2.71	4.61	NA	8.89	NA	6.17	3.68	3.96	32.22	28.69	36.44	32.43	NA	23.57	924.39	8.89
2014	01.12.2014	W	W5	W5	NA	NA	3	NA	NA	NA	10.54	NA	6.93	4.69	4.68	35.54	32.97	45.49	38.83	NA	32.47	1171.75	10.54
2014	28.10.2014	H	H3	H3	4	45	3	NA	NA	NA	4.2	NA	5.71	1.9	2.15	21.52	25.24	21.49	26.37	1	11.56	543.16	4.2
2014	01.11.2014	H	H5	H5	1	NA	1	2.58	5.15	NA	4.75	NA	6.51	2.14	2.02	22.5	27.05	22.85	25.87	NA	13.54	608.63	4.75
2014	02.11.2014	H	H6	H6	NA	NA	2	1.37	3.39	NA	5.16	NA	4.9	2.03	1.94	14.52	15.11	16.41	15.07	NA	9.73	219.4	5.16
2014	02.11.2014	H	H6	H6	NA	NA	1	2.27	3.03	NA	4.08	NA	4.21	1.96	1.93	11.32	10.95	11.65	10.26	NA	8.19	123.95	4.08
2014	02.11.2014	H	H6	H6	NA	0	1	1.09	3.47	NA	4.47	NA	4.54	1.98	1.83	13.93	13.32	15.5	13.2	0	8.65	185.55	4.47
2014	03.11.2014	O	O6	O7	1	0	1	NA	5.4	NA	NA	NA	6.55	2.73	2.93	18.94	18.07	19.57	15.87	0	18.54	342.25	NA
2015	13.12.2015	S	S30	S30	11	0	1	3.49	4.02	2.76	3.4	2.07	5.33	1.78	1.65	8.86	9.33	NA	NA	0	9.14	82.66	2.74
2015	13.12.2015	S	S30	S30	11	30	2	1.02	4.1	3.24	3.37	2.95	5.51	1.79	1.94	10.86	11.06	NA	NA	0	10.28	120.11	3.19
2015	13.12.2015	T	T3	T3	1	NA	9	NA	8.05	NA	NA	NA	10.59	4.63	4.32	45.54	52.42	44.05	49.56	0	47.39	2387.21	NA
2015	13.12.2015	T	T3	T3	1	NA	3	2.86	11	13.69	15.3	11.47	10.37	4.94	4.96	42.4	50.93	44.95	49.3	0	51.33	2159.43	13.49
2015	13.12.2015	T	T3	T3	1	NA	1	4.14	9.45	11.41	13.73	11.63	10.37	5.01	4.99	35.79	44.99	37.88	44.05	0	51.85	1610.19	12.26
2015	13.12.2015	T	T3	T3	1	NA	1	0.72	9.17	10.73	13.41	12.07	10.02	4.61	4.68	33.63	39.41	33.01	36.13	0	46.54	1325.36	12.07
2015	13.12.2015	T	T3	T3	2	NA	6	NA	10.11	NA	NA	NA	8.49	4.57	4.62	38.75	38.39	38.94	36.52	0	39.01	1487.61	NA
2015	13.12.2015	T	T3	T3	3	NA	3	NA	NA	16.47	14.66	12.06	9.79	4.6	4.43	40.42	46.19	41.41	44.49	0	44.2	1867	14.4
2015	13.12.2015	T	T3	T3	3	NA	1	0.66	11.59	12.72	15.85	11.85	9.97	4.5	4.41	38.05	42.24	40.82	41.34	0	44.42	1607.23	13.47
2015	13.12.2015	T	T3	T3	3	NA	1	2.14	9.47	8.07	11.68	11.06	8.58	4.4	4.37	3.76	31.08	31.49	30.84	1	37.62	116.86	10.27
2015	13.12.2015	T	T3	T3	3	NA	5	NA	NA	NA	NA	NA	9.78	4.7	4.76	44.1	49.43	45.77	45.81	0	46.26	2179.86	NA
