Pop	Patch	Blossom	Seed	ID	GHblossom	Date	ASD	GAD	MF	GSDl	GSDc	GSDr	GW	GHl	GHr	SWl	SWc	SWr	SLl	SLc	SLr	UBL	UBW	LBL	LBW
S1	14	1	c	S1.14.1.c	1	NA	NA	NA	NA	NA	NA	NA	NA	NA	NA	NA	NA	NA	NA	NA	NA	NA	NA	NA	NA
S1	14	1	c	S1.14.1.c	2	NA	NA	NA	NA	NA	NA	NA	NA	NA	NA	NA	NA	NA	NA	NA	NA	NA	NA	NA	NA
S1	14	1	e	S1.14.1.e	1	19.01.2016	2.26	4.64	10	4.27	5.06	3.97	4.76	2.01	2.10	1.66	1.96	1.71	4.57	4.72	5.10	17.37	15.81	18.33	16.60
S1	14	1	e	S1.14.1.e	2	22.01.2016	2.45	4.36	10	3.85	3.43	3.59	5.34	2.34	2.25	1.75	1.57	1.49	5.32	5.38	4.96	19.68	18.12	20.57	17.64
S1	14	1	e	S1.14.1.e	3	23.01.2016	2.96	5.67	10	4.14	4.69	4.21	5.79	2.63	3.17	1.81	2.06	1.90	5.22	5.74	5.94	24.27	21.67	26.20	20.84
S1	14	1	f	S1.14.1.f	1	06.01.2016	4.37	5.75	10	5.82	6.62	5.71	6.68	3.81	4.06	1.74	1.82	1.90	8.18	8.54	7.64	23.56	18.97	24.41	19.43
S1	14	1	f	S1.14.1.f	2	09.02.2016	1.89	2.97	10	4.55	5.56	4.43	5.55	2.23	2.36	1.41	1.46	1.34	6.09	6.73	5.97	18.43	15.05	18.99	14.79
S1	19	a	b	S1.19.a.b	1	21.01.2016	2.34	7.12	10	6.49	7.00	6.53	5.81	2.99	3.18	1.35	1.61	1.36	7.50	7.54	7.50	25.71	21.65	28.01	22.33
S1	19	a	b	S1.19.a.b	2	NA	NA	NA	NA	NA	NA	NA	NA	NA	NA	NA	NA	NA	NA	NA	NA	NA	NA	NA	NA
S1	19	a	d	S1.19.a.d	1	NA	NA	NA	NA	NA	NA	NA	NA	NA	NA	NA	NA	NA	NA	NA	NA	NA	NA	NA	NA
S1	19	a	d	S1.19.a.d	2	NA	NA	NA	NA	NA	NA	NA	NA	NA	NA	NA	NA	NA	NA	NA	NA	NA	NA	NA	NA
S1	19	b	b	S1.19.b.b	1	17.02.2016	2.23	6.25	10	5.61	6.22	4.96	5.42	2.63	2.58	1.29	1.50	1.49	6.47	6.43	6.70	20.95	18.10	20.73	17.36
S1	19	b	b	S1.19.b.b	2	NA	NA	NA	NA	NA	NA	NA	NA	NA	NA	NA	NA	NA	NA	NA	NA	NA	NA	NA	NA
S1	19	b	d	S1.19.b.d	1	NA	NA	NA	NA	NA	NA	NA	NA	NA	NA	NA	NA	NA	NA	NA	NA	NA	NA	NA	NA
S1	19	b	d	S1.19.b.d	2	NA	NA	NA	NA	NA	NA	NA	NA	NA	NA	NA	NA	NA	NA	NA	NA	NA	NA	NA	NA
S1	X1	a	a	S1.X1.a.a	1	19.01.2016	0.69	6.23	10	7.13	7.40	7.04	6.74	3.39	3.04	1.86	1.90	1.68	9.26	9.09	9.18	24.24	21.74	24.71	22.24
S1	X1	a	a	S1.X1.a.a	2	03.02.2016	0.90	6.33	10	7.15	6.42	6.70	6.07	3.09	3.11	1.56	1.94	1.51	8.72	8.76	9.04	23.11	20.25	24.73	21.00
S1	X1	a	a	S1.X1.a.a	3	08.02.2016	1.83	6.29	10	7.03	7.62	7.17	5.71	2.89	2.94	1.43	1.91	1.58	8.62	8.89	8.53	25.65	21.37	28.50	23.66
S1	X1	a	f	S1.X1.a.f	1	NA	NA	NA	NA	NA	NA	NA	NA	NA	NA	NA	NA	NA	NA	NA	NA	NA	NA	NA	NA
S1	X1	a	f	S1.X1.a.f	2	NA	NA	NA	NA	NA	NA	NA	NA	NA	NA	NA	NA	NA	NA	NA	NA	NA	NA	NA	NA
S1	X1	b	a	S1.X1.b.a	1	NA	NA	NA	NA	NA	NA	NA	NA	NA	NA	NA	NA	NA	NA	NA	NA	NA	NA	NA	NA
S1	X1	b	a	S1.X1.b.a	2	NA	NA	NA	NA	NA	NA	NA	NA	NA	NA	NA	NA	NA	NA	NA	NA	NA	NA	NA	NA
S2	1	1	b	S2.1.1.b	1	NA	NA	NA	NA	NA	NA	NA	NA	NA	NA	NA	NA	NA	NA	NA	NA	NA	NA	NA	NA
S2	1	1	b	S2.1.1.b	2	NA	NA	NA	NA	NA	NA	NA	NA	NA	NA	NA	NA	NA	NA	NA	NA	NA	NA	NA	NA
S2	1	1	d	S2.1.1.d	1	04.02.2016	1.99	6.27	10	7.19	6.35	6.40	8.47	3.84	3.80	1.44	1.44	1.52	9.84	10.56	9.54	35.21	31.04	38.82	34.10
S2	1	1	d	S2.1.1.d	2	04.02.2016	2.54	6.41	10	6.52	7.50	6.27	7.26	3.68	3.85	1.48	1.52	1.41	9.94	10.01	9.47	33.82	30.42	39.05	31.33
S2	2	4	a	S2.2-4.a	1	NA	NA	NA	NA	NA	NA	NA	NA	NA	NA	NA	NA	NA	NA	NA	NA	NA	NA	NA	NA
S2	2	4	a	S2.2-4.a	2	NA	NA	NA	NA	NA	NA	NA	NA	NA	NA	NA	NA	NA	NA	NA	NA	NA	NA	NA	NA
S2	2	4	d	S2.2-4.d	1	07.01.2016	2.48	7.77	10	6.09	7.23	5.62	7.98	3.42	2.80	1.25	1.41	1.34	NA	8.56	8.45	29.33	25.50	31.15	24.67
S2	2	4	d	S2.2-4.d	2	15.01.2016	1.91	7.79	9	5.82	6.75	6.16	6.47	3.16	3.18	1.08	1.03	1.07	7.91	7.88	8.15	28.34	21.57	32.45	21.90
S2	3	1	b	S2.3-1.b	1	19.01.2016	4.20	5.76	10	5.37	5.78	5.42	7.36	3.62	3.51	1.28	1.26	1.19	6.40	6.80	6.54	28.65	23.17	29.04	23.20
S2	3	1	b	S2.3-1.b	2	19.01.2016	4.33	5.86	10	5.90	6.20	5.06	7.08	3.30	3.19	1.30	1.20	1.30	7.42	7.00	7.01	31.11	22.95	32.11	25.97
S2	4	1	e	S2.4-1.e	1	12.01.2016	3.01	6.99	12	5.90	5.23	4.38	7.65	3.26	2.99	1.10	1.06	1.05	8.78	9.08	9.25	31.43	23.82	33.35	25.74
S2	4	1	e	S2.4-1.e	2	24.01.2016	2.97	7.58	10	5.59	6.44	5.02	7.19	3.24	3.43	0.99	1.03	1.00	8.89	8.46	8.25	31.67	23.52	34.65	23.80
S2	4	9	d	S2.4-9.d	1	10.01.2016	3.68	6.98	10	5.58	6.49	5.72	7.34	3.17	3.17	1.35	1.23	1.28	7.74	8.19	7.94	25.85	20.12	27.97	23.60
S2	4	9	d	S2.4-9.d	2	12.01.2016	1.57	7.55	10	5.27	6.99	5.64	7.36	3.40	2.96	1.49	1.46	1.46	7.70	8.41	8.03	25.66	21.67	25.35	22.27
S2	5	7	c	S2.5-7.c	1	11.01.2016	3.36	6.96	10	5.56	6.27	5.23	6.87	3.61	3.27	1.65	1.82	1.60	7.91	8.05	8.26	26.74	24.53	25.91	22.46
S2	5	7	c	S2.5-7.c	2	24.01.2016	3.88	6.13	10	5.01	5.82	5.22	6.04	3.73	3.59	1.31	1.30	1.48	7.03	7.24	7.60	24.98	22.06	26.45	22.58
S2	5	10	g	S2.5-10.g	1	NA	NA	NA	NA	NA	NA	NA	NA	NA	NA	NA	NA	NA	NA	NA	NA	NA	NA	NA	NA
S2	5	10	g	S2.5-10.g	2	NA	NA	NA	NA	NA	NA	NA	NA	NA	NA	NA	NA	NA	NA	NA	NA	NA	NA	NA	NA
S2	6	1	c	S2.6-1.c	1	NA	NA	NA	NA	NA	NA	NA	NA	NA	NA	NA	NA	NA	NA	NA	NA	NA	NA	NA	NA
S2	6	1	c	S2.6-1.c	2	NA	NA	NA	NA	NA	NA	NA	NA	NA	NA	NA	NA	NA	NA	NA	NA	NA	NA	NA	NA
S2	6	2	a	S2.6-2.a	1	NA	NA	NA	NA	NA	NA	NA	NA	NA	NA	NA	NA	NA	NA	NA	NA	NA	NA	NA	NA
S2	6	2	a	S2.6-2.a	2	NA	NA	NA	NA	NA	NA	NA	NA	NA	NA	NA	NA	NA	NA	NA	NA	NA	NA	NA	NA
S2	7	1	c	S2.7.1.c	1	NA	NA	NA	NA	NA	NA	NA	NA	NA	NA	NA	NA	NA	NA	NA	NA	NA	NA	NA	NA
S2	7	1	c	S2.7.1.c	2	NA	NA	NA	NA	NA	NA	NA	NA	NA	NA	NA	NA	NA	NA	NA	NA	NA	NA	NA	NA
S2	7	1	d	S2.7.1.d	1	NA	NA	NA	NA	NA	NA	NA	NA	NA	NA	NA	NA	NA	NA	NA	NA	NA	NA	NA	NA
S2	7	1	d	S2.7.1.d	2	NA	NA	NA	NA	NA	NA	NA	NA	NA	NA	NA	NA	NA	NA	NA	NA	NA	NA	NA	NA
S2	8	1	e	S2.8-1.e	1	NA	NA	NA	NA	NA	NA	NA	NA	NA	NA	NA	NA	NA	NA	NA	NA	NA	NA	NA	NA
S2	8	1	e	S2.8-1.e	2	NA	NA	NA	NA	NA	NA	NA	NA	NA	NA	NA	NA	NA	NA	NA	NA	NA	NA	NA	NA
S2	8	1	g	S2.8-1.g	1	NA	NA	NA	NA	NA	NA	NA	NA	NA	NA	NA	NA	NA	NA	NA	NA	NA	NA	NA	NA
S2	8	1	g	S2.8-1.g	2	NA	NA	NA	NA	NA	NA	NA	NA	NA	NA	NA	NA	NA	NA	NA	NA	NA	NA	NA	NA
S2	9	2	b	S2.9-2.b	1	30.06.2015	4.34	7.61	10	5.52	6.60	5.12	6.74	2.61	2.55	1.50	1.54	1.40	6.69	6.65	6.57	27.44	27.28	29.38	28.56
S2	9	2	b	S2.9-2.b	2	24.01.2016	4.24	6.54	10	NA	6.99	6.20	8.80	2.90	3.45	NA	1.23	NA	NA	6.74	6.08	28.43	27.72	29.28	28.38
S2	9	2	e	S2.9-2.e	1	NA	NA	NA	NA	NA	NA	NA	NA	NA	NA	NA	NA	NA	NA	NA	NA	NA	NA	NA	NA
S2	9	2	e	S2.9-2.e	2	NA	NA	NA	NA	NA	NA	NA	NA	NA	NA	NA	NA	NA	NA	NA	NA	NA	NA	NA	NA
S2	11	4	g	S2.11-4.g	1	NA	NA	NA	NA	NA	NA	NA	NA	NA	NA	NA	NA	NA	NA	NA	NA	NA	NA	NA	NA
S2	11	4	g	S2.11-4.g	2	NA	NA	NA	NA	NA	NA	NA	NA	NA	NA	NA	NA	NA	NA	NA	NA	NA	NA	NA	NA
S2	11	5	d	S2.11-5.d	1	NA	NA	NA	NA	NA	NA	NA	NA	NA	NA	NA	NA	NA	NA	NA	NA	NA	NA	NA	NA
S2	11	5	d	S2.11-5.d	2	NA	NA	NA	NA	NA	NA	NA	NA	NA	NA	NA	NA	NA	NA	NA	NA	NA	NA	NA	NA
S2	12	1	a	S2.12-1.a	1	NA	NA	NA	NA	NA	NA	NA	NA	NA	NA	NA	NA	NA	NA	NA	NA	NA	NA	NA	NA
S2	12	1	a	S2.12-1.a	2	NA	NA	NA	NA	NA	NA	NA	NA	NA	NA	NA	NA	NA	NA	NA	NA	NA	NA	NA	NA
S2	12	7	d	S2.12-7.d	1	NA	NA	NA	NA	NA	NA	NA	NA	NA	NA	NA	NA	NA	NA	NA	NA	NA	NA	NA	NA
S2	12	7	d	S2.12-7.d	2	NA	NA	NA	NA	NA	NA	NA	NA	NA	NA	NA	NA	NA	NA	NA	NA	NA	NA	NA	NA
S2	12b	1	c	S2.12b.1.c	1	NA	NA	NA	NA	NA	NA	NA	NA	NA	NA	NA	NA	NA	NA	NA	NA	NA	NA	NA	NA
S2	12b	1	c	S2.12b.1.c	2	NA	NA	NA	NA	NA	NA	NA	NA	NA	NA	NA	NA	NA	NA	NA	NA	NA	NA	NA	NA
S2	12b	2	f	S2.12b.2.f	1	11.01.2016	5.06	5.09	10	4.13	5.14	3.99	7.25	4.48	3.79	1.02	1.28	1.11	5.01	5.42	5.05	21.95	18.65	22.30	19.43
S2	12b	2	f	S2.12b.2.f	2	12.01.2016	3.29	7.37	10	5.89	7.14	5.92	7.91	4.23	3.93	1.20	1.25	1.35	7.72	8.69	7.60	27.77	22.62	28.01	23.99
S2	13	3	b	S2.13-3.b	1	29.06.2015	2.55	NA	11	4.73	5.43	4.35	7.74	4.33	4.68	1.36	1.27	1.24	6.48	6.57	6.46	24.10	23.80	22.35	22.82
S2	13	3	b	S2.13-3.b	2	11.01.2016	3.31	5.47	10	4.47	5.62	5.35	6.39	3.56	3.47	1.29	1.41	1.38	6.39	6.82	5.88	23.88	21.78	26.52	22.64
S2	13	3	b	S2.13-3.b	3	18.01.2016	4.00	6.21	10	6.09	6.64	5.46	8.33	4.97	4.34	1.32	1.50	1.56	7.67	7.43	6.85	25.20	25.25	26.16	24.59
S2	13	4	b	S2.13-4.b	1	NA	NA	NA	NA	NA	NA	NA	NA	NA	NA	NA	NA	NA	NA	NA	NA	NA	NA	NA	NA
S2	13	4	b	S2.13-4.b	2	NA	NA	NA	NA	NA	NA	NA	NA	NA	NA	NA	NA	NA	NA	NA	NA	NA	NA	NA	NA
S2	14	1	f	S2.14.1.f	1	23.01.2016	3.28	6.67	10	5.92	6.44	5.47	8.89	4.38	4.66	1.32	1.48	1.37	7.49	7.16	7.31	21.80	17.69	22.36	17.81
S2	14	1	f	S2.14.1.f	2	NA	NA	NA	NA	NA	NA	NA	NA	NA	NA	NA	NA	NA	NA	NA	NA	NA	NA	NA	NA
S2	15	1	b	S2.15.1.b	1	NA	NA	NA	NA	NA	NA	NA	NA	NA	NA	NA	NA	NA	NA	NA	NA	NA	NA	NA	NA
S2	15	1	b	S2.15.1.b	2	NA	NA	NA	NA	NA	NA	NA	NA	NA	NA	NA	NA	NA	NA	NA	NA	NA	NA	NA	NA
S2	15	1	c	S2.15.1.c	1	NA	NA	NA	NA	NA	NA	NA	NA	NA	NA	NA	NA	NA	NA	NA	NA	NA	NA	NA	NA
S2	15	1	c	S2.15.1.c	2	NA	NA	NA	NA	NA	NA	NA	NA	NA	NA	NA	NA	NA	NA	NA	NA	NA	NA	NA	NA
S2	16	1	a	S2.16.1.a	1	26.05.2015	5.08	6.50	10	5.81	6.25	6.65	7.80	3.73	3.62	1.49	1.67	1.49	7.68	7.32	7.83	25.97	26.95	25.30	26.93
S2	16	1	a	S2.16.1.a	2	06.06.2015	4.17	7.78	10	6.06	6.17	6.19	7.27	3.66	3.58	1.34	1.66	1.32	8.31	8.10	8.28	28.44	27.47	27.64	27.68
S2	16	1	a	S2.16.1.a	3	29.06.2015	4.73	6.27	10	5.92	6.05	5.97	7.88	3.14	3.85	1.34	1.23	1.16	7.92	7.69	7.96	27.64	27.66	27.38	30.47
S2	16	1	a	S2.16.1.a	4	10.01.2016	4.09	7.66	10	5.34	6.33	5.42	6.90	3.82	3.45	1.38	1.48	1.42	7.78	7.83	7.91	29.93	27.04	29.79	27.76
S2	16	?	?	S2.16-?.?	1	NA	NA	NA	NA	NA	NA	NA	NA	NA	NA	NA	NA	NA	NA	NA	NA	NA	NA	NA	NA
S2	16	?	?	S2.16-?.?	2	NA	NA	NA	NA	NA	NA	NA	NA	NA	NA	NA	NA	NA	NA	NA	NA	NA	NA	NA	NA
S2	17	1	b	S2.17.1.b	1	NA	NA	NA	NA	NA	NA	NA	NA	NA	NA	NA	NA	NA	NA	NA	NA	NA	NA	NA	NA
S2	17	1	b	S2.17.1.b	2	NA	NA	NA	NA	NA	NA	NA	NA	NA	NA	NA	NA	NA	NA	NA	NA	NA	NA	NA	NA
S2	17	1	c	S2.17.1.c	1	NA	NA	NA	NA	NA	NA	NA	NA	NA	NA	NA	NA	NA	NA	NA	NA	NA	NA	NA	NA
S2	17	1	c	S2.17.1.c	2	NA	NA	NA	NA	NA	NA	NA	NA	NA	NA	NA	NA	NA	NA	NA	NA	NA	NA	NA	NA
S2	X2	1	a	S2.X2.1.a	1	NA	NA	NA	NA	NA	NA	NA	NA	NA	NA	NA	NA	NA	NA	NA	NA	NA	NA	NA	NA
S2	X2	1	a	S2.X2.1.a	2	NA	NA	NA	NA	NA	NA	NA	NA	NA	NA	NA	NA	NA	NA	NA	NA	NA	NA	NA	NA
S3	3	b.1	a	S3.3.b.1.a	1	NA	NA	NA	NA	NA	NA	NA	NA	NA	NA	NA	NA	NA	NA	NA	NA	NA	NA	NA	NA
S3	3	b.1	a	S3.3.b.1.a	2	NA	NA	NA	NA	NA	NA	NA	NA	NA	NA	NA	NA	NA	NA	NA	NA	NA	NA	NA	NA
S3	3	b.1	b	S3.3.b.1.b	1	NA	NA	NA	NA	NA	NA	NA	NA	NA	NA	NA	NA	NA	NA	NA	NA	NA	NA	NA	NA
S3	3	b.1	b	S3.3.b.1.b	2	NA	NA	NA	NA	NA	NA	NA	NA	NA	NA	NA	NA	NA	NA	NA	NA	NA	NA	NA	NA
S3	7	a	a	S3.7.a.a	1	NA	NA	NA	NA	NA	NA	NA	NA	NA	NA	NA	NA	NA	NA	NA	NA	NA	NA	NA	NA
S3	7	a	a	S3.7.a.a	2	NA	NA	NA	NA	NA	NA	NA	NA	NA	NA	NA	NA	NA	NA	NA	NA	NA	NA	NA	NA
S3	7	d.1	d	S3.7.d.1.d	1	24.01.2016	6.05	7.47	10	5.79	6.23	6.33	10.07	4.45	4.75	1.69	1.74	1.86	8.78	8.42	9.26	38.77	32.64	38.21	33.05
S3	7	d.1	d	S3.7.d.1.d	2	NA	NA	NA	NA	NA	NA	NA	NA	NA	NA	NA	NA	NA	NA	NA	NA	NA	NA	NA	NA
S3	7	d.3	f	S3.7.d.3.f	1	NA	NA	NA	NA	NA	NA	NA	NA	NA	NA	NA	NA	NA	NA	NA	NA	NA	NA	NA	NA
S3	7	d.3	f	S3.7.d.3.f	2	NA	NA	NA	NA	NA	NA	NA	NA	NA	NA	NA	NA	NA	NA	NA	NA	NA	NA	NA	NA
S3	10	1	a	S3.10.1.a	1	NA	NA	NA	NA	NA	NA	NA	NA	NA	NA	NA	NA	NA	NA	NA	NA	NA	NA	NA	NA
S3	10	1	a	S3.10.1.a	2	NA	NA	NA	NA	NA	NA	NA	NA	NA	NA	NA	NA	NA	NA	NA	NA	NA	NA	NA	NA
S3	11	b	d	S3.11.b.d	1	NA	NA	NA	NA	NA	NA	NA	NA	NA	NA	NA	NA	NA	NA	NA	NA	NA	NA	NA	NA
S3	11	b	d	S3.11.b.d	2	NA	NA	NA	NA	NA	NA	NA	NA	NA	NA	NA	NA	NA	NA	NA	NA	NA	NA	NA	NA
S3	11	b	g	S3.11.b.g	1	NA	NA	NA	NA	NA	NA	NA	NA	NA	NA	NA	NA	NA	NA	NA	NA	NA	NA	NA	NA
S3	11	b	g	S3.11.b.g	2	NA	NA	NA	NA	NA	NA	NA	NA	NA	NA	NA	NA	NA	NA	NA	NA	NA	NA	NA	NA
S3	15	a.1	e	S3.15.a.1.e	1	NA	NA	NA	NA	NA	NA	NA	NA	NA	NA	NA	NA	NA	NA	NA	NA	NA	NA	NA	NA
S3	15	a.1	e	S3.15.a.1.e	2	NA	NA	NA	NA	NA	NA	NA	NA	NA	NA	NA	NA	NA	NA	NA	NA	NA	NA	NA	NA
S3	15	a.1	g	S3.15.a.1.g	1	07.02.2016	4.66	6.19	10	6.58	7.09	6.05	7.03	3.14	3.11	1.43	1.83	1.51	8.08	7.98	7.97	21.49	17.85	23.07	17.74
S3	15	a.1	g	S3.15.a.1.g	2	09.02.2016	3.99	5.85	10	6.23	7.26	5.52	7.00	2.59	2.93	1.55	1.73	1.60	7.71	7.58	7.06	25.12	20.19	28.07	21.61
S3	15	a.2	c	S3.15.a.2.c	1	NA	NA	NA	NA	NA	NA	NA	NA	NA	NA	NA	NA	NA	NA	NA	NA	NA	NA	NA	NA
S3	15	a.2	c	S3.15.a.2.c	2	NA	NA	NA	NA	NA	NA	NA	NA	NA	NA	NA	NA	NA	NA	NA	NA	NA	NA	NA	NA
S6	2	1	a	S6.2.1.a	1	04.01.2016	2.48	6.27	10	5.82	7.57	5.48	5.51	2.61	2.57	1.52	1.77	1.57	7.91	8.75	8.48	24.57	20.63	26.98	22.18
S6	2	1	a	S6.2.1.a	2	14.01.2016	3.60	5.13	10	3.51	4.53	3.73	6.09	2.83	2.53	1.45	1.41	1.34	6.16	6.34	6.24	23.03	20.08	25.16	23.47
S6	2	1	a	S6.2.1.a	3	03.02.2016	1.96	6.83	10	6.48	7.35	6.11	7.15	3.03	3.05	1.54	1.60	1.59	10.25	10.21	10.75	27.10	20.52	29.63	26.00
S6	2	1	a	S6.2.1.a	4	14.02.2016	1.67	6.92	10	6.64	8.16	7.04	7.40	3.12	3.52	1.59	1.64	1.67	10.15	10.21	9.97	28.70	22.12	28.53	24.31
S6	2	1	h	S6.2.1.h	1	25.01.2016	3.32	6.49	10	5.56	6.69	5.76	7.06	2.84	3.10	1.62	1.75	1.65	8.54	8.84	8.30	22.78	17.38	23.76	20.95
S6	2	1	h	S6.2.1.h	2	NA	NA	NA	NA	NA	NA	NA	NA	NA	NA	NA	NA	NA	NA	NA	NA	NA	NA	NA	NA
S6	4	1	e	S6.4.1.e	1	09.01.2016	2.52	6.11	NA	NA	NA	NA	NA	NA	NA	1.58	1.80	1.47	9.75	9.56	9.28	25.71	23.90	28.38	27.20
S6	4	1	e	S6.4.1.e	2	14.01.2016	3.17	7.33	10	6.62	7.26	5.26	6.81	2.68	2.77	1.72	1.69	1.73	10.01	9.58	9.92	26.15	25.47	28.04	30.93
S6	4	1	e	S6.4.1.e	3	17.02.2016	2.82	6.78	10	5.73	6.39	6.77	6.99	3.00	3.32	1.92	2.06	2.04	9.05	9.35	9.75	25.79	25.17	25.96	26.34
S6	4	1	i	S6.4.1.i	1	NA	NA	NA	NA	NA	NA	NA	NA	NA	NA	NA	NA	NA	NA	NA	NA	NA	NA	NA	NA
S6	4	1	i	S6.4.1.i	2	NA	NA	NA	NA	NA	NA	NA	NA	NA	NA	NA	NA	NA	NA	NA	NA	NA	NA	NA	NA
S6	6	1	a	S6.6.1.a	1	14.01.2016	4.47	4.62	10	4.20	4.40	3.94	6.62	2.72	2.60	1.68	1.49	1.65	5.31	5.56	5.27	18.04	14.50	18.07	14.59
S6	6	1	a	S6.6.1.a	2	15.01.2016	5.54	6.60	10	4.41	5.24	4.60	7.91	3.28	3.02	1.78	1.77	1.73	6.05	6.61	6.38	18.87	16.00	17.42	14.59
S6	6	1	a	S6.6.1.a	3	22.01.2016	6.32	7.16	10	4.61	5.44	5.18	8.25	3.21	3.95	1.85	1.91	1.76	6.93	6.36	6.87	21.05	17.13	20.56	17.91
S6	old5	2	b	S6.old5.2.b	1	NA	NA	NA	NA	NA	NA	NA	NA	NA	NA	NA	NA	NA	NA	NA	NA	NA	NA	NA	NA
S6	old5	2	b	S6.old5.2.b	2	NA	NA	NA	NA	NA	NA	NA	NA	NA	NA	NA	NA	NA	NA	NA	NA	NA	NA	NA	NA
S6	old5	2	f	S6.old5.2.f	1	NA	NA	NA	NA	NA	NA	NA	NA	NA	NA	NA	NA	NA	NA	NA	NA	NA	NA	NA	NA
S6	old5	2	f	S6.old5.2.f	2	NA	NA	NA	NA	NA	NA	NA	NA	NA	NA	NA	NA	NA	NA	NA	NA	NA	NA	NA	NA
S6	old6	1.1	b	S6.old6.1.1.b	1	09.01.2016	4.16	6.93	10	6.16	5.92	6.79	7.83	3.05	3.43	1.72	1.80	1.86	6.97	NA	7.26	20.83	18.17	21.30	18.47
S6	old6	1.1	b	S6.old6.1.1.b	2	NA	NA	NA	NA	NA	NA	NA	NA	NA	NA	NA	NA	NA	NA	NA	NA	NA	NA	NA	NA
S6	b4	1	a	S6.b4.1.a	1	NA	NA	NA	NA	NA	NA	NA	NA	NA	NA	NA	NA	NA	NA	NA	NA	NA	NA	NA	NA
S6	b4	1	a	S6.b4.1.a	2	NA	NA	NA	NA	NA	NA	NA	NA	NA	NA	NA	NA	NA	NA	NA	NA	NA	NA	NA	NA
S6	b4	1	c	S6.b4.1.c	1	05.01.2016	3.83	3.17	9	7.54	7.38	7.28	8.08	3.26	2.90	1.38	1.49	1.53	10.76	10.31	10.70	30.30	23.09	34.26	27.55
S6	b4	1	c	S6.b4.1.c	2	NA	NA	NA	NA	NA	NA	NA	NA	NA	NA	NA	NA	NA	NA	NA	NA	NA	NA	NA	NA
S7	1	1	h	S7.1.1.h	1	25.01.2016	4.31	5.12	10	4.56	5.39	4.08	7.09	3.92	3.80	1.08	1.29	1.21	6.72	6.46	7.03	24.68	19.38	23.47	19.06
S7	1	1	h	S7.1.1.h	2	07.02.2016	3.08	6.21	10	5.51	6.03	5.79	6.86	3.35	3.38	1.30	1.27	1.27	7.54	7.25	7.47	31.23	23.60	33.31	25.48
S7	1	2	e	S7.1.2.e	1	NA	NA	NA	NA	NA	NA	NA	NA	NA	NA	NA	NA	NA	NA	NA	NA	NA	NA	NA	NA
S7	1	2	e	S7.1.2.e	2	NA	NA	NA	NA	NA	NA	NA	NA	NA	NA	NA	NA	NA	NA	NA	NA	NA	NA	NA	NA
S7	1	3	d	S7.1.3.d	1	NA	NA	NA	NA	NA	NA	NA	NA	NA	NA	NA	NA	NA	NA	NA	NA	NA	NA	NA	NA
S7	1	3	d	S7.1.3.d	2	NA	NA	NA	NA	NA	NA	NA	NA	NA	NA	NA	NA	NA	NA	NA	NA	NA	NA	NA	NA
S7	1	4	c	S7.1.4.c	1	06.01.2016	5.72	7.26	10	6.30	5.00	4.73	8.37	4.86	4.28	1.68	1.44	1.41	7.16	6.83	7.57	25.53	21.37	25.77	22.88
S7	1	4	c	S7.1.4.c	2	07.01.2016	4.26	7.31	10	5.43	5.42	4.82	6.82	3.67	4.03	1.63	1.43	1.25	7.08	6.40	6.38	25.20	23.66	30.25	25.16
S7	1	4	c	S7.1.4.c	3	11.01.2016	2.56	5.93	10	6.22	5.71	5.44	7.27	4.05	3.88	1.44	1.28	1.46	8.01	7.72	7.52	29.74	24.52	30.51	27.64
S7	2	1	b	S7.2.1.b	1	NA	NA	NA	NA	NA	NA	NA	NA	NA	NA	NA	NA	NA	NA	NA	NA	NA	NA	NA	NA
S7	2	1	b	S7.2.1.b	2	NA	NA	NA	NA	NA	NA	NA	NA	NA	NA	NA	NA	NA	NA	NA	NA	NA	NA	NA	NA
S7	2	1	f	S7.2.1.f	1	09.01.2016	3.25	5.20	10	4.69	5.60	4.42	7.27	3.62	3.87	1.20	1.24	1.00	6.32	6.48	6.61	26.19	23.48	26.86	25.43
S7	2	1	f	S7.2.1.f	2	11.01.2016	4.75	6.05	10	5.32	6.40	5.35	7.14	4.14	4.08	1.26	1.02	1.24	6.82	6.70	6.97	27.85	27.32	31.16	28.78
S7	2	1	f	S7.2.1.f	3	04.02.2016	3.27	5.57	10	4.94	4.84	4.57	6.27	3.46	3.45	1.06	1.02	1.22	6.21	5.68	6.08	27.88	23.46	29.17	26.09
S7	2	2	i	S7.2.2.i	1	NA	NA	NA	NA	NA	NA	NA	NA	NA	NA	NA	NA	NA	NA	NA	NA	NA	NA	NA	NA
S7	2	2	i	S7.2.2.i	2	NA	NA	NA	NA	NA	NA	NA	NA	NA	NA	NA	NA	NA	NA	NA	NA	NA	NA	NA	NA
S7	3	1	c	S7.3.1.c	1	19.01.2016	3.90	6.13	10	3.80	5.07	4.55	7.59	3.69	3.78	1.41	1.28	1.32	6.46	6.28	6.60	19.48	19.77	18.78	16.95
S7	3	1	c	S7.3.1.c	2	07.02.2016	4.04	3.69	10	3.78	4.27	3.50	5.91	3.16	2.91	1.05	1.05	1.09	5.69	5.82	5.48	16.86	16.31	17.67	16.20
S7	3	2	c	S7.3.2.c	1	05.01.2016	2.78	7.16	10	6.54	7.56	7.54	7.42	4.62	4.95	1.62	1.52	1.54	8.12	7.51	7.94	27.79	26.21	31.17	30.06
S7	3	2	c	S7.3.2.c	2	22.01.2016	4.70	6.12	10	4.58	6.34	4.49	7.17	4.12	4.05	1.01	1.08	1.06	5.38	5.88	5.78	22.61	20.59	24.05	22.59
S7	3	2	c	S7.3.2.c	3	24.01.2016	3.65	5.65	10	5.18	6.28	4.91	7.24	3.95	3.75	1.29	1.30	1.37	6.57	6.56	6.60	24.03	21.64	24.94	23.01
S7	3	3	b	S7.3.3.b	1	02.02.2016	2.18	5.81	10	5.20	5.75	5.11	6.22	3.49	3.20	1.22	1.30	1.28	6.21	6.00	6.32	23.33	21.40	23.54	23.36
S7	3	3	b	S7.3.3.b	2	07.02.2016	3.16	5.68	10	3.87	5.31	4.83	7.99	3.53	4.06	1.32	1.28	1.37	6.32	5.86	6.54	20.18	19.86	21.37	18.85
S7	3	4	c	S7.3.4.c	1	NA	NA	NA	NA	NA	NA	NA	NA	NA	NA	NA	NA	NA	NA	NA	NA	NA	NA	NA	NA
S7	3	4	c	S7.3.4.c	2	NA	NA	NA	NA	NA	NA	NA	NA	NA	NA	NA	NA	NA	NA	NA	NA	NA	NA	NA	NA
S8	1	1	a	S8.1.1.a	1	NA	NA	NA	NA	NA	NA	NA	NA	NA	NA	NA	NA	NA	NA	NA	NA	NA	NA	NA	NA
S8	1	1	a	S8.1.1.a	2	NA	NA	NA	NA	NA	NA	NA	NA	NA	NA	NA	NA	NA	NA	NA	NA	NA	NA	NA	NA
S8	2	2	a	S8.2-2.a	1	05.01.2016	5.12	7.98	10	6.08	6.84	6.28	8.53	5.12	4.82	1.78	1.67	1.71	8.85	8.14	8.94	32.77	27.27	36.54	29.86
S8	2	2	a	S8.2-2.a	2	23.01.2016	3.11	8.40	10	7.22	7.58	7.70	8.24	4.82	4.52	1.45	1.72	1.75	8.15	8.45	8.84	33.45	27.58	34.63	28.10
S8	2	2	b	S8.2-2.b	1	NA	NA	NA	NA	NA	NA	NA	NA	NA	NA	NA	NA	NA	NA	NA	NA	NA	NA	NA	NA
S8	2	2	b	S8.2-2.b	2	NA	NA	NA	NA	NA	NA	NA	NA	NA	NA	NA	NA	NA	NA	NA	NA	NA	NA	NA	NA
S8	5	2	b	S8.5.2.b	1	07.01.2016	4.28	5.65	10	5.96	7.41	6.59	7.14	3.46	2.97	1.83	1.86	1.85	6.79	7.35	6.67	33.05	25.69	35.80	28.53
S8	5	2	b	S8.5.2.b	2	11.01.2016	2.79	6.37	10	6.45	6.66	6.10	7.27	3.29	3.24	1.58	1.86	1.74	7.91	6.93	7.64	24.56	19.92	26.41	21.84
S8	5	2	e	S8.5.2.e	1	NA	NA	NA	NA	NA	NA	NA	NA	NA	NA	NA	NA	NA	NA	NA	NA	NA	NA	NA	NA
S8	5	2	e	S8.5.2.e	2	NA	NA	NA	NA	NA	NA	NA	NA	NA	NA	NA	NA	NA	NA	NA	NA	NA	NA	NA	NA
S8	6	1	d	S8.6.1.d	1	02.02.2016	4.94	7.66	10	5.55	5.89	5.12	7.77	4.44	4.61	1.67	1.52	1.70	7.42	6.76	6.98	33.07	31.09	31.25	28.89
S8	6	1	d	S8.6.1.d	2	04.02.2016	3.00	7.88	10	6.58	7.66	5.99	7.87	4.44	4.40	1.88	1.74	1.68	7.87	8.22	7.54	34.03	31.88	34.51	30.66
S8	6	1	g	S8.6.1.g	1	14.06.2015	4.91	7.89	10	5.28	6.77	5.12	9.24	5.10	4.64	2.02	2.18	2.35	7.20	6.89	6.87	26.29	24.66	27.31	23.63
S8	6	1	g	S8.6.1.g	2	15.06.2015	3.98	5.78	10	5.04	5.72	5.48	7.34	4.01	4.18	1.46	1.65	1.63	6.45	5.92	6.74	24.01	21.59	25.55	22.22
S8	6	1	g	S8.6.1.g	3	29.06.2015	5.77	7.66	10	4.68	6.22	5.36	9.35	4.67	4.35	2.34	2.16	2.13	7.57	6.92	7.30	22.66	22.93	20.19	NA
S8	7	5	g	S8.7-5.g	1	12.01.2016	3.91	5.57	10	3.90	5.16	4.25	6.08	3.23	3.10	1.45	1.67	1.50	5.59	5.64	5.59	21.84	18.67	23.10	18.91
S8	7	5	g	S8.7-5.g	2	18.01.2016	5.23	6.68	8	5.69	7.03	5.76	7.64	3.95	4.40	2.00	1.81	2.22	7.50	7.45	8.07	31.12	27.87	31.72	25.97
S8	7	6	e	S8.7-6.e	1	NA	NA	NA	NA	NA	NA	NA	NA	NA	NA	NA	NA	NA	NA	NA	NA	NA	NA	NA	NA
S8	7	6	e	S8.7-6.e	2	NA	NA	NA	NA	NA	NA	NA	NA	NA	NA	NA	NA	NA	NA	NA	NA	NA	NA	NA	NA
S8	8	1	d	S8.8.1.d	1	06.01.2016	3.44	6.57	9	4.78	5.22	4.48	5.67	2.60	2.45	1.20	1.25	1.24	5.63	5.77	5.30	21.83	17.22	21.55	18.05
S8	8	1	d	S8.8.1.d	2	13.01.2016	2.23	6.48	10	5.96	6.16	5.28	6.00	2.27	2.05	1.34	1.41	1.43	7.50	7.16	7.26	27.08	21.15	24.77	22.59
S8	8	1	i	S8.8.1.i	1	NA	NA	NA	NA	NA	NA	NA	NA	NA	NA	NA	NA	NA	NA	NA	NA	NA	NA	NA	NA
S8	8	1	i	S8.8.1.i	2	NA	NA	NA	NA	NA	NA	NA	NA	NA	NA	NA	NA	NA	NA	NA	NA	NA	NA	NA	NA
S8	8b	1	h	S8.8b.1.h	1	13.01.2016	2.84	7.68	6	6.05	6.87	6.83	7.85	3.89	4.08	1.60	1.72	1.68	7.79	8.10	8.24	31.70	23.58	32.78	24.38
S8	8b	1	h	S8.8b.1.h	2	NA	NA	NA	NA	NA	NA	NA	NA	NA	NA	NA	NA	NA	NA	NA	NA	NA	NA	NA	NA
S8	10b	1	d	S8.10b.1.d	1	NA	NA	NA	NA	NA	NA	NA	NA	NA	NA	NA	NA	NA	NA	NA	NA	NA	NA	NA	NA
S8	10b	1	d	S8.10b.1.d	2	NA	NA	NA	NA	NA	NA	NA	NA	NA	NA	NA	NA	NA	NA	NA	NA	NA	NA	NA	NA
S8	o10	1	b	S8.o10.1.b	1	NA	NA	NA	NA	NA	NA	NA	NA	NA	NA	NA	NA	NA	NA	NA	NA	NA	NA	NA	NA
S8	o10	1	b	S8.o10.1.b	2	NA	NA	NA	NA	NA	NA	NA	NA	NA	NA	NA	NA	NA	NA	NA	NA	NA	NA	NA	NA
S8	12	4	c	S8.12-4.c	1	06.06.2015	5.61	6.37	10	4.81	4.93	3.91	8.79	4.64	4.36	2.33	2.56	2.33	7.96	8.04	8.70	20.04	23.03	19.36	20.28
S8	12	4	c	S8.12-4.c	2	25.06.2015	2.47	5.80	11	5.61	6.58	5.81	8.02	4.09	4.02	2.02	2.18	2.25	8.26	8.28	8.40	23.93	26.59	28.31	30.28
S8	12	4	d	S8.12-4.d	1	07.07.2015	4.94	7.96	10	6.59	7.08	6.27	8.38	4.11	4.06	2.01	2.13	2.00	7.86	7.53	7.99	29.61	30.20	30.70	32.91
S8	12	4	d	S8.12-4.d	2	09.02.2016	6.32	7.61	10	5.75	6.53	4.24	7.52	4.30	4.26	1.73	1.82	1.69	7.68	7.34	7.92	30.27	28.95	27.17	28.76
S8	15b	2	a	S8.15b.2.a	1	30.06.2015	3.88	6.96	10	5.61	6.68	5.71	9.03	4.25	3.90	1.63	1.60	1.73	7.93	7.50	7.46	26.86	26.64	26.69	26.35
S8	15b	2	a	S8.15b.2.a	2	05.01.2016	2.72	7.51	10	6.70	8.30	7.32	8.96	4.90	4.64	1.81	1.89	1.75	10.05	9.81	9.78	33.61	29.75	34.31	30.67
S8	15b	2	f	S8.15b.2.f	1	NA	NA	NA	NA	NA	NA	NA	NA	NA	NA	NA	NA	NA	NA	NA	NA	NA	NA	NA	NA
S8	15b	2	f	S8.15b.2.f	2	NA	NA	NA	NA	NA	NA	NA	NA	NA	NA	NA	NA	NA	NA	NA	NA	NA	NA	NA	NA
S8	16	1	b	S8.16.1.b	1	05.01.2016	3.70	5.79	10	5.22	6.29	6.19	8.42	4.16	4.08	1.82	2.07	1.75	7.44	7.55	7.61	29.22	24.08	31.79	25.76
S8	16	1	b	S8.16.1.b	2	13.01.2016	3.49	6.41	10	5.09	6.07	5.32	7.59	3.78	3.93	1.60	1.98	1.56	6.39	6.45	6.98	22.71	18.29	25.22	18.85
S8	17	3	e	S8.17.3.e	1	07.07.2015	4.92	6.87	10	4.74	5.52	4.90	8.33	4.42	4.27	1.37	1.41	1.30	7.42	6.94	7.47	27.87	25.27	25.86	24.85
S8	17	3	e	S8.17.3.e	2	NA	NA	NA	NA	NA	NA	NA	NA	NA	NA	NA	NA	NA	NA	NA	NA	NA	NA	NA	NA
S8	17	11	e	S8.17-11.e	1	NA	NA	NA	NA	NA	NA	NA	NA	NA	NA	NA	NA	NA	NA	NA	NA	NA	NA	NA	NA
S8	17	11	e	S8.17-11.e	2	NA	NA	NA	NA	NA	NA	NA	NA	NA	NA	NA	NA	NA	NA	NA	NA	NA	NA	NA	NA
S8	18	1	a	S8.18.1.a	1	24.01.2016	5.15	7.36	10	4.59	5.35	4.08	8.08	4.07	4.31	1.51	1.51	1.48	6.95	6.68	6.42	24.63	23.60	23.31	22.47
S8	18	1	a	S8.18.1.a	2	02.02.2016	5.00	7.16	10	4.59	5.08	4.63	7.78	4.67	4.34	1.40	1.63	1.36	6.72	6.77	6.72	22.69	22.48	20.92	20.37
S8	18	1	g	S8.18.1.g	1	15.01.2016	6.01	8.01	7	5.50	5.32	4.27	7.82	3.07	3.36	1.92	1.91	2.01	6.21	5.90	6.53	27.30	22.82	29.50	23.63
S8	18	1	g	S8.18.1.g	2	15.01.2016	4.85	8.40	10	5.25	5.48	4.58	7.40	3.54	3.88	1.96	1.91	1.96	6.74	6.56	6.61	28.58	23.87	31.00	26.15
S8	20	1	a	S8.20-1.a	1	DEAD	NA	NA	NA	NA	NA	NA	NA	NA	NA	NA	NA	NA	NA	NA	NA	NA	NA	NA	NA
S8	20	1	a	S8.20-1.a	2	DEAD	NA	NA	NA	NA	NA	NA	NA	NA	NA	NA	NA	NA	NA	NA	NA	NA	NA	NA	NA
S8	21	1	a	S8.21-1.a	1	06.01.2016	4.48	8.67	10	4.20	5.86	4.62	6.30	3.70	3.43	1.50	1.69	1.53	6.85	6.82	6.93	24.16	20.15	23.54	18.69
S8	21	1	a	S8.21-1.a	2	18.01.2016	5.41	6.30	10	4.71	4.94	4.22	6.19	2.92	2.59	1.16	1.27	1.13	5.30	5.19	5.47	20.70	18.04	21.31	17.31
S8	21	1	b	S8.21-1.b	1	06.01.2016	4.79	6.96	13	3.23	4.28	4.51	7.76	3.62	3.24	1.51	1.73	1.89	5.75	5.94	7.19	25.63	22.87	27.89	24.17
S8	21	1	b	S8.21-1.b	2	NA	NA	NA	NA	NA	NA	NA	NA	NA	NA	NA	NA	NA	NA	NA	NA	NA	NA	NA	NA
S8	22	1.2	e	S8.22.1.2.e	1	10.01.2016	5.24	8.49	6	4.25	5.09	4.17	6.29	3.32	3.25	1.21	1.02	1.24	7.18	7.17	6.56	25.62	18.40	26.08	18.18
S8	22	1.2	e	S8.22.1.2.e	2	13.01.2016	4.71	7.52	10	4.88	5.15	4.51	6.12	2.99	2.99	1.18	1.24	1.32	6.26	6.32	6.62	22.00	17.72	22.96	18.74
S8	22	1.2	f	S8.22.1.2.f	1	07.01.2016	3.70	8.46	7	6.88	6.69	6.29	7.40	3.23	3.29	1.28	1.43	1.31	8.32	8.52	8.37	29.34	23.87	29.09	22.30
S8	22	1.2	f	S8.22.1.2.f	2	11.01.2016	4.41	8.56	10	6.43	7.41	6.05	7.01	3.41	3.34	1.40	1.66	1.57	7.84	7.69	8.10	29.31	25.40	29.96	24.09
S8	24	1	d	S8.24-1.d	1	05.01.2016	3.20	7.81	10	4.85	5.30	4.41	7.72	3.50	3.61	1.47	1.41	1.46	6.28	6.55	6.32	26.24	25.84	29.90	27.09
S8	24	1	d	S8.24-1.d	2	15.02.2016	4.25	6.71	10	5.78	5.97	5.37	7.43	3.48	3.51	1.42	1.42	1.37	6.91	6.56	6.36	22.83	24.99	25.63	23.24
S8	24	1	f	S8.24-1.f	1	05.01.2016	3.11	6.64	10	5.42	6.02	5.14	7.29	3.84	3.85	1.73	1.96	1.78	7.20	7.33	7.38	23.74	22.34	28.43	23.49
S8	24	1	f	S8.24-1.f	2	12.01.2016	3.34	5.56	10	4.91	5.17	4.80	6.21	3.27	3.09	1.31	1.57	1.39	5.82	6.14	5.74	20.78	18.99	19.55	17.46
S8	25	1	a	S8.25.1.a	1	09.02.2016	7.27	7.40	10	5.37	5.85	4.49	9.17	4.51	4.50	2.26	2.45	2.32	7.86	7.86	7.82	37.45	32.54	37.34	36.78
S8	25	1	a	S8.25.1.a	2	14.02.2016	8.25	8.14	8	4.03	5.95	3.60	9.93	4.54	4.74	2.12	2.39	2.19	7.92	8.19	7.75	38.69	37.08	42.43	44.56
S8	25	1	c	S8.25.1.c	1	21.01.2016	6.22	5.47	10	3.93	3.61	3.32	6.32	3.21	3.56	1.46	1.42	1.37	5.97	5.79	5.28	27.50	21.93	27.63	25.11
S8	25	1	c	S8.25.1.c	2	24.01.2016	5.81	8.74	10	5.64	6.37	4.97	6.97	4.22	4.19	1.61	1.78	1.81	7.14	7.63	7.40	34.94	28.12	35.61	30.95
S8	e1	a	d	S8.e1.a.d	1	05.01.2016	6.48	6.59	10	4.14	4.80	4.41	7.08	3.65	3.67	1.57	1.60	1.71	6.61	NA	NA	23.88	21.20	25.59	21.90
S8	e1	a	d	S8.e1.a.d	2	07.01.2016	4.46	5.48	10	4.42	4.41	3.81	6.17	3.12	3.28	1.32	1.42	1.23	5.63	5.59	5.77	18.01	17.50	18.60	16.72
S8	e1	b	a	S8.e1.b.a	1	08.02.2016	5.53	5.70	8	3.69	3.73	3.65	6.89	3.62	3.58	1.13	1.04	1.16	4.90	4.97	5.23	19.91	15.81	19.07	15.46
S8	e1	b	a	S8.e1.b.a	2	NA	NA	NA	NA	NA	NA	NA	NA	NA	NA	NA	NA	NA	NA	NA	NA	NA	NA	NA	NA
S8	e2	1	c	S8.e2.1.c	1	11.01.2016	4.52	7.02	10	4.71	4.73	4.24	8.56	3.61	3.73	1.69	1.69	1.68	7.14	6.51	7.32	28.41	28.16	28.07	26.75
S8	e2	1	c	S8.e2.1.c	2	18.01.2016	5.08	6.97	10	4.62	5.72	4.24	8.90	4.34	4.21	1.85	1.89	1.89	8.29	7.81	7.78	27.42	27.07	27.73	25.81
S8	e2	1	e	S8.e2.1.e	1	19.01.2016	5.56	7.10	10	3.31	4.53	3.36	7.14	3.46	3.38	1.74	1.89	1.82	6.26	5.63	5.68	33.18	25.68	33.33	27.96
S8	e2	1	e	S8.e2.1.e	2	04.02.2016	4.67	5.97	11	3.34	4.17	3.98	7.68	3.47	3.38	1.68	1.79	1.64	5.89	5.77	5.85	27.96	26.49	29.03	23.28
S9	14	3.1	d	S9.14.3.1.d	1	09.05.2015	2.60	3.96	10	4.89	5.51	4.88	9.19	4.35	4.76	1.75	1.70	1.80	9.27	8.85	9.49	24.20	22.01	23.84	22.93
S9	14	3.1	d	S9.14.3.1.d	2	16.01.2016	3.47	5.69	10	6.24	5.62	5.05	7.61	4.18	4.19	1.89	1.76	1.80	8.72	8.04	8.27	24.91	22.21	25.79	22.65
S9	14	3.2	a	S9.14.3.2.a	1	10.05.2015	2.44	5.22	10	4.73	6.31	5.86	8.98	4.70	5.48	1.72	2.02	1.57	9.29	9.41	9.50	25.56	22.11	26.41	24.35
S9	14	3.2	a	S9.14.3.2.a	2	13.01.2016	3.18	4.71	10	4.14	4.67	4.48	6.39	3.19	3.25	0.96	1.20	0.97	5.55	6.29	5.53	21.23	18.71	19.78	17.83
S9	17	1.1	a	S9.17.1.1.a	1	07.01.2016	2.04	6.59	8	6.32	6.46	5.72	8.06	4.13	3.52	2.11	2.52	2.19	8.42	8.12	8.06	27.32	24.90	30.31	26.58
S9	17	1.1	a	S9.17.1.1.a	2	07.01.2016	2.64	6.35	10	4.91	5.99	5.48	7.80	4.16	3.90	1.95	1.99	2.02	7.78	8.39	7.68	23.94	22.31	24.69	23.61
S9	17	1.1	a	S9.17.1.1.a	3	10.01.2016	2.95	5.90	8	5.97	6.45	6.02	8.45	3.36	3.47	1.80	1.75	1.75	7.26	7.67	7.43	22.08	20.47	24.41	21.29
S9	s	1	c	S9.s.1.c	1	NA	NA	NA	NA	NA	NA	NA	NA	NA	NA	NA	NA	NA	NA	NA	NA	NA	NA	NA	NA
S9	s	1	c	S9.s.1.c	2	NA	NA	NA	NA	NA	NA	NA	NA	NA	NA	NA	NA	NA	NA	NA	NA	NA	NA	NA	NA
S9	S10.1	1	h	S9.S10.1.1.h	1	09.02.2016	4.14	7.38	10	6.30	7.01	5.99	7.43	3.27	3.32	1.63	1.59	1.47	8.41	7.91	8.02	22.95	21.96	23.01	22.52
S9	S10.1	1	h	S9.S10.1.1.h	2	NA	NA	NA	NA	NA	NA	NA	NA	NA	NA	NA	NA	NA	NA	NA	NA	NA	NA	NA	NA
S9	S10.1	2	g	S9.S10.1.2.g	1	11.01.2016	0.63	5.71	10	5.81	6.02	5.12	5.44	2.68	2.73	1.31	1.34	1.37	7.09	7.21	6.69	19.89	18.30	20.89	17.41
S9	S10.1	2	g	S9.S10.1.2.g	2	NA	NA	NA	NA	NA	NA	NA	NA	NA	NA	NA	NA	NA	NA	NA	NA	NA	NA	NA	NA
S9	S10.2	1.2	b	S9.S10.2.1.2.b	1	11.01.2016	0.00	7.20	9	6.79	8.17	7.57	7.34	3.62	3.36	1.70	1.67	1.58	10.45	10.02	9.97	31.19	21.76	31.29	22.00
S9	S10.2	1.2	b	S9.S10.2.1.2.b	2	18.01.2016	1.89	6.58	7	5.14	5.48	6.04	8.47	4.29	4.56	1.39	1.54	1.44	9.09	9.30	9.33	27.38	20.37	28.03	20.01
S9	S10.2	3	d	S9.S10.2.3.d	1	NA	NA	NA	NA	NA	NA	NA	NA	NA	NA	NA	NA	NA	NA	NA	NA	NA	NA	NA	NA
S9	S10.2	3	d	S9.S10.2.3.d	2	NA	NA	NA	NA	NA	NA	NA	NA	NA	NA	NA	NA	NA	NA	NA	NA	NA	NA	NA	NA
S9	S10.2	4	f	S9.S10.2.4.f	1	21.01.2016	2.21	6.39	10	5.12	5.72	5.53	6.86	3.43	3.12	1.91	1.85	1.98	7.51	7.23	7.29	28.29	21.81	26.29	20.65
S9	S10.2	4	f	S9.S10.2.4.f	2	22.01.2016	2.07	5.73	10	6.47	6.58	5.74	6.40	3.58	3.18	1.86	1.88	1.71	8.43	8.20	8.07	26.17	19.10	27.64	20.48
S9	S10b.1	B	a	S9.S10b.1.B.a	1	19.02.2016	2.98	5.10	10	4.72	7.07	3.91	6.64	3.50	3.59	1.53	1.80	1.58	7.41	7.89	7.61	17.44	16.95	18.53	16.71
S9	S10b.1	B	a	S9.S10b.1.B.a	2	NA	NA	NA	NA	NA	NA	NA	NA	NA	NA	NA	NA	NA	NA	NA	NA	NA	NA	NA	NA
S9	S10b.3	A	f	S9.S10b.3.A.f	1	07.01.2016	4.08	6.62	10	5.20	4.49	4.90	7.26	4.40	4.25	1.41	1.67	1.56	8.73	8.12	8.09	29.37	29.54	32.59	31.97
S9	S10b.3	A	f	S9.S10b.3.A.f	2	12.01.2016	4.15	6.51	11	4.44	5.25	4.26	8.61	4.56	4.43	1.41	1.46	1.49	8.26	8.32	8.93	30.83	30.26	31.96	31.85
S9	S10b.3	B	b	S9.S10b.3.B.b	1	NA	NA	NA	NA	NA	NA	NA	NA	NA	NA	NA	NA	NA	NA	NA	NA	NA	NA	NA	NA
S9	S10b.3	B	b	S9.S10b.3.B.b	2	NA	NA	NA	NA	NA	NA	NA	NA	NA	NA	NA	NA	NA	NA	NA	NA	NA	NA	NA	NA
S9	S10b.4	B	c	S9.S10b.4.B.c	1	01.02.2016	5.75	8.10	9	5.25	5.73	5.07	7.42	4.36	3.86	1.26	1.33	1.42	8.82	9.01	9.11	32.97	27.86	36.25	30.80
S9	S10b.4	B	c	S9.S10b.4.B.c	2	NA	NA	NA	NA	NA	NA	NA	NA	NA	NA	NA	NA	NA	NA	NA	NA	NA	NA	NA	NA
S9	S10b.6	A.2	a	S9.S10b.6.A.2.a	1	NA	NA	NA	NA	NA	NA	NA	NA	NA	NA	NA	NA	NA	NA	NA	NA	NA	NA	NA	NA
S9	S10b.6	A.2	a	S9.S10b.6.A.2.a	2	NA	NA	NA	NA	NA	NA	NA	NA	NA	NA	NA	NA	NA	NA	NA	NA	NA	NA	NA	NA
S9	S10b.7	A	e	S9.S10b.7.A.e	1	12.01.2016	4.45	8.81	10	8.24	8.01	7.60	7.78	3.72	3.92	1.85	1.80	1.89	9.50	7.12	8.73	37.36	30.39	36.93	33.02
S9	S10b.7	A	e	S9.S10b.7.A.e	2	15.02.2016	2.18	7.89	NA	6.93	7.97	7.07	7.68	4.21	4.02	1.69	2.06	1.80	8.50	8.37	8.92	30.32	25.51	31.54	27.77
S9	S10b.8	B	c	S9.S10b.8.B.c	1	12.01.2016	4.21	6.68	10	7.23	7.32	7.88	5.95	2.86	3.48	1.95	1.59	1.70	9.50	9.07	9.28	27.19	22.12	28.05	23.98
S9	S10b.8	B	c	S9.S10b.8.B.c	2	12.01.2016	3.83	5.78	10	5.06	7.36	6.06	6.10	3.02	3.17	1.52	1.61	1.40	8.01	9.41	7.88	31.39	23.62	24.87	20.42
S9	S10b.8	B	c	S9.S10b.8.B.c	3	13.01.2016	4.85	6.40	10	10.07	9.94	8.24	8.28	3.87	4.04	1.82	1.79	1.82	11.54	10.66	10.78	31.20	28.67	32.97	28.06
S11	2	3	g	S11.2.3.g	1	24.05.2015	3.92	5.50	10	5.85	7.60	5.94	7.01	2.91	2.97	1.65	1.70	1.55	8.09	7.73	7.80	24.30	21.14	23.73	19.84
S11	2	3	g	S11.2.3.g	2	NA	NA	NA	NA	NA	NA	NA	NA	NA	NA	NA	NA	NA	NA	NA	NA	NA	NA	NA	NA
S11	2	3	i	S11.2.3.i	1	06.01.2016	2.96	6.26	10	7.02	8.36	7.44	6.38	3.37	3.17	1.55	1.77	1.54	10.09	10.31	10.83	34.37	26.49	36.42	28.05
S11	2	3	i	S11.2.3.i	2	09.01.2016	2.62	6.88	10	8.49	8.72	8.87	7.14	3.45	3.69	1.52	2.03	1.71	12.23	11.09	12.15	36.81	30.55	40.06	34.58
S11	2	3	i	S11.2.3.i	3	12.01.2016	3.04	6.98	10	6.71	7.76	7.47	7.01	3.23	3.38	1.68	1.96	1.81	10.52	10.76	11.19	34.90	27.78	40.05	31.25
S11	5	2.1	d	S11.5.2.1.d	1	DEAD	NA	NA	NA	NA	NA	NA	NA	NA	NA	NA	NA	NA	NA	NA	NA	NA	NA	NA	NA
S11	5	2.1	d	S11.5.2.1.d	2	DEAD	NA	NA	NA	NA	NA	NA	NA	NA	NA	NA	NA	NA	NA	NA	NA	NA	NA	NA	NA
S11	5	2.2	h	S11.5.2.2.h	1	09.01.2016	2.93	5.09	10	NA	NA	NA	NA	NA	NA	1.29	1.34	1.37	8.30	8.28	8.03	25.08	23.37	27.16	26.13
S11	5	2.2	h	S11.5.2.2.h	2	15.01.2016	3.39	5.53	10	6.10	NA	6.53	5.74	2.68	3.18	1.34	NA	1.46	8.68	NA	9.00	24.22	22.31	23.34	21.73
S11	7	1.1	a	S11.7.1.1.a	1	09.01.2016	2.85	5.89	10	5.38	6.75	6.15	6.09	2.79	2.92	1.38	1.45	1.47	7.92	8.10	8.34	28.26	26.25	28.16	26.83
S11	7	1.1	a	S11.7.1.1.a	2	09.01.2016	2.42	6.90	10	6.16	7.06	5.97	5.86	2.92	2.95	1.42	1.48	1.41	8.58	8.77	8.78	24.39	24.41	26.64	26.36
S11	7	1.1	b	S11.7.1.1.b	1	07.05.2015	2.67	5.84	10	6.24	6.05	5.96	6.67	3.04	3.14	1.47	1.63	1.30	7.99	7.86	7.98	23.89	21.93	25.00	22.34
S11	7	1.1	b	S11.7.1.1.b	2	17.05.2015	2.57	6.50	10	6.15	7.03	6.59	7.12	3.60	3.74	1.68	1.94	2.01	8.86	8.59	9.32	25.25	23.18	25.15	22.47
S11	7	1.1	b	S11.7.1.1.b	3	26.05.2015	2.15	7.21	10	6.50	6.77	7.04	7.04	3.12	3.14	1.69	1.84	1.66	9.32	9.02	9.55	26.76	24.76	27.98	25.79
S11	7	1.1	b	S11.7.1.1.b	4	31.05.2015	2.10	7.04	10	7.92	7.64	6.96	6.91	3.80	3.34	1.71	1.66	1.62	9.48	9.16	9.26	24.45	25.51	26.36	26.46
S11	9	1	e	S11.9.1.e	1	17.05.2015	2.76	6.63	10	6.80	7.27	6.17	7.72	3.34	3.35	1.70	2.05	1.75	9.10	8.26	9.06	25.10	23.59	22.79	23.26
S11	9	1	e	S11.9.1.e	2	14.06.2015	3.74	6.57	11	6.98	8.35	7.13	6.83	3.33	3.36	1.82	1.83	1.87	9.38	9.38	9.58	27.73	23.73	27.91	25.99
S11	9	1	h	S11.9.1.h	1	09.05.2015	2.61	6.03	10	6.89	8.07	8.02	8.37	3.56	3.47	1.82	1.75	1.84	9.09	9.70	9.57	28.79	27.21	29.63	28.27
S11	9	1	h	S11.9.1.h	2	23.05.2015	2.63	6.82	10	5.94	7.32	6.94	5.86	2.65	2.63	1.55	1.60	1.61	8.57	8.19	8.64	31.15	27.86	33.90	30.81
S11	9	1	h	S11.9.1.h	3	02.06.2015	2.00	7.03	10	7.17	8.12	7.97	6.47	3.43	3.06	1.61	1.48	1.59	8.90	8.79	9.15	27.79	26.57	29.21	28.25
S11	10	1	a	S11.10.1.a	1	15.01.2016	3.26	6.21	10	6.77	7.32	6.37	5.81	3.05	3.09	1.55	1.64	1.44	8.34	8.32	8.42	29.40	24.48	33.32	28.57
S11	10	1	a	S11.10.1.a	2	22.01.2016	2.49	6.88	10	6.90	7.32	5.62	5.70	2.82	3.01	1.37	1.46	1.48	8.63	8.38	8.02	31.29	27.08	34.41	29.87
S11	10	1	c	S11.10.1.c	1	15.01.2016	3.69	6.32	10	6.83	7.57	7.36	7.29	3.78	3.82	1.66	1.62	1.67	9.52	9.52	9.52	30.28	27.59	32.88	25.96
S11	10	1	c	S11.10.1.c	2	25.01.2016	4.28	6.13	10	6.53	7.07	6.29	6.25	2.92	3.06	1.49	1.62	1.37	8.20	7.80	7.86	29.13	25.53	32.51	28.68
S11	11	1.2	d	S11.11.1.2.d	1	01.02.2016	1.70	6.36	10	6.07	6.46	6.21	6.63	3.51	3.26	1.63	1.63	1.57	9.02	8.24	8.60	24.68	23.13	25.93	25.49
S11	11	1.2	d	S11.11.1.2.d	2	02.02.2016	1.44	7.13	10	5.98	6.08	5.99	6.31	3.17	3.31	1.46	1.69	1.56	8.19	8.08	8.02	24.26	23.83	27.56	27.51
S11	11	1.3	b	S11.11.1.3.b	1	18.05.2015	2.56	5.97	10	6.26	6.94	6.49	7.20	3.98	3.89	1.63	1.65	1.56	8.35	8.54	8.15	25.24	25.22	24.40	24.60
S11	11	1.3	b	S11.11.1.3.b	2	26.05.2015	1.71	6.27	10	6.25	7.30	7.60	6.87	3.29	3.25	1.60	1.76	1.52	8.57	8.22	8.90	24.55	25.07	24.40	24.91
S11	11	1.3	b	S11.11.1.3.b	3	10.01.2016	1.39	6.57	10	5.83	6.69	5.98	5.82	3.12	2.70	1.37	1.40	1.43	7.86	8.00	7.65	26.58	23.22	27.53	24.41
S11	12	1.1	a	S11.12.1.1.a	1	14.05.2015	3.08	6.79	10	6.03	6.80	5.62	8.32	3.91	4.15	2.05	1.81	1.97	9.47	9.07	9.58	24.17	23.58	25.82	23.02
S11	12	1.1	a	S11.12.1.1.a	2	15.05.2015	1.79	5.72	10	6.60	6.91	6.59	6.75	3.01	3.20	1.44	1.49	1.41	8.41	8.15	8.25	23.68	23.54	27.81	25.79
S11	12	1.1	a	S11.12.1.1.a	3	28.05.2015	2.39	6.86	10	6.86	7.49	6.16	6.57	3.45	2.90	1.44	1.44	1.37	8.12	7.92	8.13	23.52	23.19	25.92	23.46
S11	12	1.2	f	S11.12.1.2.f	1	13.05.2015	3.21	6.27	10	6.87	8.07	6.32	6.57	3.13	2.89	1.16	1.31	1.24	7.83	7.85	7.63	26.60	28.28	27.01	28.96
S11	12	1.2	f	S11.12.1.2.f	2	21.05.2015	2.98	5.19	10	5.94	6.20	6.10	6.23	2.77	3.19	1.11	1.26	1.18	6.23	6.92	7.22	25.52	26.42	26.77	26.92
S11	13	1.1	a	S11.13.1.1.a	1	07.05.2015	2.94	5.40	10	6.05	7.51	6.53	6.95	3.46	3.24	1.75	1.67	1.50	8.83	9.36	8.75	23.23	20.60	22.96	22.11
S11	13	1.1	a	S11.13.1.1.a	2	10.01.2016	2.55	6.03	8	6.49	8.16	5.78	5.76	2.80	2.60	1.50	1.62	1.38	8.10	7.80	7.53	27.94	26.60	30.78	28.15
S11	13	1.2	g	S11.13.1.2.g	1	02.07.2015	3.46	5.98	10	4.44	5.17	4.47	5.77	2.66	2.35	1.25	1.42	1.21	5.64	6.33	5.48	22.68	19.92	21.72	19.04
S11	13	1.2	g	S11.13.1.2.g	2	04.02.2016	2.88	5.80	10	5.61	6.54	5.82	6.10	2.90	2.93	1.29	1.41	1.30	7.56	8.11	8.00	29.52	26.58	31.08	27.84
S11	14	1	c	S11.14.1.c	1	09.05.2015	3.50	6.47	11	5.81	6.03	6.05	7.75	3.44	3.84	1.46	1.52	1.60	7.34	7.96	7.48	28.71	25.27	29.19	27.27
S11	14	1	c	S11.14.1.c	2	17.05.2015	4.49	6.82	10	5.76	6.21	5.43	6.69	3.28	3.36	1.51	1.49	1.70	7.20	7.36	7.47	26.24	24.33	27.09	25.19
S11	14	1	h	S11.14.1.h	1	04.02.2016	4.41	8.08	10	8.19	9.00	8.56	7.57	4.03	4.02	1.79	1.63	1.60	9.96	10.03	10.31	33.50	32.52	36.13	33.70
S11	14	1	h	S11.14.1.h	2	05.02.2016	5.21	5.36	10	6.26	7.10	6.00	6.26	2.81	3.13	1.19	1.18	1.15	7.52	7.68	6.86	30.31	28.54	33.22	30.26
S12	1	1	b	S12.1.1.b	1	22.01.2016	2.51	6.46	10	7.33	7.93	7.81	7.43	3.55	3.61	1.47	1.64	1.86	8.68	8.86	9.14	24.37	21.92	25.88	22.76
S12	1	1	b	S12.1.1.b	2	NA	NA	NA	NA	NA	NA	NA	NA	NA	NA	NA	NA	NA	NA	NA	NA	NA	NA	NA	NA
S12	1	1	d	S12.1.1.d	1	21.01.2016	1.02	5.69	11	6.89	7.24	5.97	7.17	3.18	2.60	1.43	1.54	1.56	8.32	8.30	8.42	25.55	20.88	27.57	22.65
S12	1	1	d	S12.1.1.d	2	21.01.2016	2.40	2.64	8	4.83	6.17	5.51	6.25	2.62	2.59	1.36	1.51	1.32	7.52	7.70	7.48	21.12	19.42	23.49	20.71
S12	1	1	d	S12.1.1.d	3	25.01.2016	4.15	5.64	10	8.15	8.41	7.43	6.84	3.51	3.16	1.21	1.45	1.52	8.92	8.76	8.47	25.42	NA	24.70	20.28
S12	1	2.2	c	S12.1.2.2.c	1	10.01.2016	0.20	5.69	9	6.87	6.78	6.69	6.97	3.38	3.35	1.51	2.03	1.93	9.69	9.59	9.32	24.17	20.91	24.99	23.19
S12	1	2.2	c	S12.1.2.2.c	2	22.01.2016	2.26	6.24	10	8.14	8.00	7.81	7.87	4.01	3.49	1.47	1.79	1.80	9.44	8.92	10.34	24.08	22.55	20.38	19.29
S12	1	2.2	d	S12.1.2.2.d	1	11.01.2016	2.09	6.35	10	8.82	8.81	8.59	7.13	3.71	3.16	1.77	1.92	1.79	10.60	11.09	10.76	24.59	21.47	24.82	22.18
S12	1	2.2	d	S12.1.2.2.d	2	NA	NA	NA	NA	NA	NA	NA	NA	NA	NA	NA	NA	NA	NA	NA	NA	NA	NA	NA	NA
S12	1	5.2	e	S12.1.5.2.e	1	NA	NA	NA	NA	NA	NA	NA	NA	NA	NA	NA	NA	NA	NA	NA	NA	NA	NA	NA	NA
S12	1	5.2	e	S12.1.5.2.e	2	NA	NA	NA	NA	NA	NA	NA	NA	NA	NA	NA	NA	NA	NA	NA	NA	NA	NA	NA	NA
S12	1	5.3	c	S12.1.5.3.c	1	09.01.2016	3.97	5.60	10	8.70	9.66	9.30	7.65	4.35	3.97	2.06	1.71	1.75	10.65	10.76	11.19	23.97	23.89	24.10	22.30
S12	1	5.3	c	S12.1.5.3.c	2	23.01.2016	1.75	6.27	10	8.94	9.34	8.58	7.57	4.02	3.94	1.64	1.66	1.42	10.71	9.67	10.12	29.67	26.60	30.08	26.74
S12	1	5.3	c	S12.1.5.3.c	3	24.01.2016	2.74	5.75	10	7.84	8.62	7.36	7.36	4.02	4.06	1.67	1.80	1.81	10.05	9.79	9.39	28.21	24.41	28.31	25.63
S12	1	5.3	g	S12.1.5.3.g	1	NA	NA	NA	NA	NA	NA	NA	NA	NA	NA	NA	NA	NA	NA	NA	NA	NA	NA	NA	NA
S12	1	5.3	g	S12.1.5.3.g	2	NA	NA	NA	NA	NA	NA	NA	NA	NA	NA	NA	NA	NA	NA	NA	NA	NA	NA	NA	NA
S12	1	6.1	a	S12.1.6.1.a	1	NA	NA	NA	NA	NA	NA	NA	NA	NA	NA	NA	NA	NA	NA	NA	NA	NA	NA	NA	NA
S12	1	6.1	a	S12.1.6.1.a	2	NA	NA	NA	NA	NA	NA	NA	NA	NA	NA	NA	NA	NA	NA	NA	NA	NA	NA	NA	NA
S12	1	6.2	d	S12.1.6.2.d	1	18.01.2016	1.86	6.65	10	7.83	7.96	7.13	7.55	4.40	4.13	2.01	1.91	2.08	9.25	8.72	9.07	24.80	21.80	23.44	21.27
S12	1	6.2	d	S12.1.6.2.d	2	18.02.2016	1.47	5.58	10	6.43	6.85	6.89	7.51	3.76	3.87	1.68	1.95	1.75	8.38	8.58	8.70	22.89	21.55	24.52	21.70
S12	2	1	b	S12.2.1.b	1	21.01.2016	0.97	6.20	10	6.53	6.20	6.16	5.90	2.88	2.70	1.50	1.43	1.41	7.55	7.15	7.44	22.16	19.04	22.11	19.08
S12	2	1	b	S12.2.1.b	2	NA	NA	NA	NA	NA	NA	NA	NA	NA	NA	NA	NA	NA	NA	NA	NA	NA	NA	NA	NA
S13	1	a	a	S13.1.a.a	1	NA	NA	NA	NA	NA	NA	NA	NA	NA	NA	NA	NA	NA	NA	NA	NA	NA	NA	NA	NA
S13	1	a	a	S13.1.a.a	2	NA	NA	NA	NA	NA	NA	NA	NA	NA	NA	NA	NA	NA	NA	NA	NA	NA	NA	NA	NA
S13	1	c	f	S13.1.c.f	1	NA	NA	NA	NA	NA	NA	NA	NA	NA	NA	NA	NA	NA	NA	NA	NA	NA	NA	NA	NA
S13	1	c	f	S13.1.c.f	2	NA	NA	NA	NA	NA	NA	NA	NA	NA	NA	NA	NA	NA	NA	NA	NA	NA	NA	NA	NA
S13	1	d	a	S13.1.d.a	1	NA	NA	NA	NA	NA	NA	NA	NA	NA	NA	NA	NA	NA	NA	NA	NA	NA	NA	NA	NA
S13	1	d	a	S13.1.d.a	2	NA	NA	NA	NA	NA	NA	NA	NA	NA	NA	NA	NA	NA	NA	NA	NA	NA	NA	NA	NA
S13	4	a	a	S13.4.a.a	1	22.01.2016	5.62	7.76	10	5.85	5.89	5.38	6.88	3.40	3.42	1.32	1.29	1.31	6.10	5.81	5.63	18.75	18.50	20.96	20.78
S13	4	a	a	S13.4.a.a	2	NA	NA	NA	NA	NA	NA	NA	NA	NA	NA	NA	NA	NA	NA	NA	NA	NA	NA	NA	NA
S13	4	a	b	S13.4.a.b	1	NA	NA	NA	NA	NA	NA	NA	NA	NA	NA	NA	NA	NA	NA	NA	NA	NA	NA	NA	NA
S13	4	a	b	S13.4.a.b	2	NA	NA	NA	NA	NA	NA	NA	NA	NA	NA	NA	NA	NA	NA	NA	NA	NA	NA	NA	NA
S13	4	b	c	S13.4.b.c	1	NA	NA	NA	NA	NA	NA	NA	NA	NA	NA	NA	NA	NA	NA	NA	NA	NA	NA	NA	NA
S13	4	b	c	S13.4.b.c	2	NA	NA	NA	NA	NA	NA	NA	NA	NA	NA	NA	NA	NA	NA	NA	NA	NA	NA	NA	NA
S13	10	b	c	S13.10.b.c	1	22.01.2016	3.99	6.54	10	5.57	6.40	5.33	7.20	3.50	3.48	1.28	1.33	1.41	6.78	7.76	6.68	24.83	21.81	27.90	21.08
S13	10	b	c	S13.10.b.c	2	NA	NA	NA	NA	NA	NA	NA	NA	NA	NA	NA	NA	NA	NA	NA	NA	NA	NA	NA	NA
S13	10	b	f	S13.10.b.f	1	NA	NA	NA	NA	NA	NA	NA	NA	NA	NA	NA	NA	NA	NA	NA	NA	NA	NA	NA	NA
S13	10	b	f	S13.10.b.f	2	NA	NA	NA	NA	NA	NA	NA	NA	NA	NA	NA	NA	NA	NA	NA	NA	NA	NA	NA	NA
S13	14	c	e	S13.14.c.e	1	DEAD	NA	NA	NA	NA	NA	NA	NA	NA	NA	NA	NA	NA	NA	NA	NA	NA	NA	NA	NA
S13	14	c	e	S13.14.c.e	2	DEAD	NA	NA	NA	NA	NA	NA	NA	NA	NA	NA	NA	NA	NA	NA	NA	NA	NA	NA	NA
S13	14	c	f	S13.14.c.f	1	NA	NA	NA	NA	NA	NA	NA	NA	NA	NA	NA	NA	NA	NA	NA	NA	NA	NA	NA	NA
S13	14	c	f	S13.14.c.f	2	NA	NA	NA	NA	NA	NA	NA	NA	NA	NA	NA	NA	NA	NA	NA	NA	NA	NA	NA	NA
S16	12	1	h	S16.12.1.h	1	NA	NA	NA	NA	NA	NA	NA	NA	NA	NA	NA	NA	NA	NA	NA	NA	NA	NA	NA	NA
S16	12	1	h	S16.12.1.h	2	NA	NA	NA	NA	NA	NA	NA	NA	NA	NA	NA	NA	NA	NA	NA	NA	NA	NA	NA	NA
S16	12	3	d	S16.12.3.d	1	NA	NA	NA	NA	NA	NA	NA	NA	NA	NA	NA	NA	NA	NA	NA	NA	NA	NA	NA	NA
S16	12	3	d	S16.12.3.d	2	NA	NA	NA	NA	NA	NA	NA	NA	NA	NA	NA	NA	NA	NA	NA	NA	NA	NA	NA	NA
S16	12	3	i	S16.12.3.i	1	12.01.2016	4.29	5.95	9	4.58	5.97	5.33	5.44	2.26	2.64	0.94	0.88	1.02	5.44	6.14	6.19	33.00	23.31	32.55	23.69
S16	12	3	i	S16.12.3.i	2	15.01.2016	3.76	5.28	10	6.43	6.77	6.53	6.70	2.45	2.27	1.05	1.05	1.15	7.12	7.13	7.20	28.31	20.89	34.72	22.27
S16	12	3	i	S16.12.3.i	3	22.01.2016	5.45	6.11	10	5.55	7.15	6.65	6.71	3.13	2.89	1.00	1.21	1.17	6.39	7.36	6.91	34.31	22.73	38.16	25.29
S17	1	b	c	S17.1.b.c	1	NA	NA	NA	NA	NA	NA	NA	NA	NA	NA	NA	NA	NA	NA	NA	NA	NA	NA	NA	NA
S17	1	b	c	S17.1.b.c	2	NA	NA	NA	NA	NA	NA	NA	NA	NA	NA	NA	NA	NA	NA	NA	NA	NA	NA	NA	NA
S17	1	d	a	S17.1.d.a	1	NA	NA	NA	NA	NA	NA	NA	NA	NA	NA	NA	NA	NA	NA	NA	NA	NA	NA	NA	NA
S17	1	d	a	S17.1.d.a	2	NA	NA	NA	NA	NA	NA	NA	NA	NA	NA	NA	NA	NA	NA	NA	NA	NA	NA	NA	NA
S18	6	a	c	S18.6.a.c	1	NA	NA	NA	NA	NA	NA	NA	NA	NA	NA	NA	NA	NA	NA	NA	NA	NA	NA	NA	NA
S18	6	a	c	S18.6.a.c	2	NA	NA	NA	NA	NA	NA	NA	NA	NA	NA	NA	NA	NA	NA	NA	NA	NA	NA	NA	NA
S18	6	b	a	S18.6.b.a	1	NA	NA	NA	NA	NA	NA	NA	NA	NA	NA	NA	NA	NA	NA	NA	NA	NA	NA	NA	NA
S18	6	b	a	S18.6.b.a	2	NA	NA	NA	NA	NA	NA	NA	NA	NA	NA	NA	NA	NA	NA	NA	NA	NA	NA	NA	NA
S18	6	c	d	S18.6.c.d	1	NA	NA	NA	NA	NA	NA	NA	NA	NA	NA	NA	NA	NA	NA	NA	NA	NA	NA	NA	NA
S18	6	c	d	S18.6.c.d	2	NA	NA	NA	NA	NA	NA	NA	NA	NA	NA	NA	NA	NA	NA	NA	NA	NA	NA	NA	NA
S18	6	d	c	S18.6.d.c	1	NA	NA	NA	NA	NA	NA	NA	NA	NA	NA	NA	NA	NA	NA	NA	NA	NA	NA	NA	NA
S18	6	d	c	S18.6.d.c	2	NA	NA	NA	NA	NA	NA	NA	NA	NA	NA	NA	NA	NA	NA	NA	NA	NA	NA	NA	NA
S18	8	a	b	S18.8.a.b	1	NA	NA	NA	NA	NA	NA	NA	NA	NA	NA	NA	NA	NA	NA	NA	NA	NA	NA	NA	NA
S18	8	a	b	S18.8.a.b	2	NA	NA	NA	NA	NA	NA	NA	NA	NA	NA	NA	NA	NA	NA	NA	NA	NA	NA	NA	NA
S18	8	a	d	S18.8.a.d	1	NA	NA	NA	NA	NA	NA	NA	NA	NA	NA	NA	NA	NA	NA	NA	NA	NA	NA	NA	NA
S18	8	a	d	S18.8.a.d	2	NA	NA	NA	NA	NA	NA	NA	NA	NA	NA	NA	NA	NA	NA	NA	NA	NA	NA	NA	NA
S18	8	b	a	S18.8.b.a	1	NA	NA	NA	NA	NA	NA	NA	NA	NA	NA	NA	NA	NA	NA	NA	NA	NA	NA	NA	NA
S18	8	b	a	S18.8.b.a	2	NA	NA	NA	NA	NA	NA	NA	NA	NA	NA	NA	NA	NA	NA	NA	NA	NA	NA	NA	NA
S18	9	a	c	S18.9.a.c	1	NA	NA	NA	NA	NA	NA	NA	NA	NA	NA	NA	NA	NA	NA	NA	NA	NA	NA	NA	NA
S18	9	a	c	S18.9.a.c	2	NA	NA	NA	NA	NA	NA	NA	NA	NA	NA	NA	NA	NA	NA	NA	NA	NA	NA	NA	NA
S18	9	a	e	S18.9.a.e	1	NA	NA	NA	NA	NA	NA	NA	NA	NA	NA	NA	NA	NA	NA	NA	NA	NA	NA	NA	NA
S18	9	a	e	S18.9.a.e	2	NA	NA	NA	NA	NA	NA	NA	NA	NA	NA	NA	NA	NA	NA	NA	NA	NA	NA	NA	NA
S18	9	a	f	S18.9.a.f	1	NA	NA	NA	NA	NA	NA	NA	NA	NA	NA	NA	NA	NA	NA	NA	NA	NA	NA	NA	NA
S18	9	a	f	S18.9.a.f	2	NA	NA	NA	NA	NA	NA	NA	NA	NA	NA	NA	NA	NA	NA	NA	NA	NA	NA	NA	NA
S19	1	a	i	S19.1.a.i	1	NA	NA	NA	NA	NA	NA	NA	NA	NA	NA	NA	NA	NA	NA	NA	NA	NA	NA	NA	NA
S19	1	a	i	S19.1.a.i	2	NA	NA	NA	NA	NA	NA	NA	NA	NA	NA	NA	NA	NA	NA	NA	NA	NA	NA	NA	NA
S19	1	b	c	S19.1.b.c	1	NA	NA	NA	NA	NA	NA	NA	NA	NA	NA	NA	NA	NA	NA	NA	NA	NA	NA	NA	NA
S19	1	b	c	S19.1.b.c	2	NA	NA	NA	NA	NA	NA	NA	NA	NA	NA	NA	NA	NA	NA	NA	NA	NA	NA	NA	NA
S19	2	a	b	S19.2.a.b	1	NA	NA	NA	NA	NA	NA	NA	NA	NA	NA	NA	NA	NA	NA	NA	NA	NA	NA	NA	NA
S19	2	a	b	S19.2.a.b	2	NA	NA	NA	NA	NA	NA	NA	NA	NA	NA	NA	NA	NA	NA	NA	NA	NA	NA	NA	NA
S19	2	b	b	S19.2.b.b	1	NA	NA	NA	NA	NA	NA	NA	NA	NA	NA	NA	NA	NA	NA	NA	NA	NA	NA	NA	NA
S19	2	b	b	S19.2.b.b	2	NA	NA	NA	NA	NA	NA	NA	NA	NA	NA	NA	NA	NA	NA	NA	NA	NA	NA	NA	NA
S19	2	c	a	S19.2.c.a	1	NA	NA	NA	NA	NA	NA	NA	NA	NA	NA	NA	NA	NA	NA	NA	NA	NA	NA	NA	NA
S19	2	c	a	S19.2.c.a	2	NA	NA	NA	NA	NA	NA	NA	NA	NA	NA	NA	NA	NA	NA	NA	NA	NA	NA	NA	NA
S19	5	1	a	S19.5.1.a	1	NA	NA	NA	NA	NA	NA	NA	NA	NA	NA	NA	NA	NA	NA	NA	NA	NA	NA	NA	NA
S19	5	1	a	S19.5.1.a	2	NA	NA	NA	NA	NA	NA	NA	NA	NA	NA	NA	NA	NA	NA	NA	NA	NA	NA	NA	NA
S19	5	2	c	S19.5.2.c	1	22.01.2016	3.55	7.39	10	5.37	6.24	4.96	6.32	3.87	3.58	1.38	1.56	1.43	6.35	6.77	6.63	25.01	22.95	25.20	24.85
S19	5	2	c	S19.5.2.c	2	08.02.2016	2.86	4.76	10	4.61	5.40	4.44	5.45	2.78	2.61	0.92	1.30	1.02	5.65	5.93	5.41	19.28	18.78	18.70	17.77
S19	8	1	b	S19.8.1.b	1	NA	NA	NA	NA	NA	NA	NA	NA	NA	NA	NA	NA	NA	NA	NA	NA	NA	NA	NA	NA
S19	8	1	b	S19.8.1.b	2	NA	NA	NA	NA	NA	NA	NA	NA	NA	NA	NA	NA	NA	NA	NA	NA	NA	NA	NA	NA
S19	8	1	c	S19.8.1.c	1	NA	NA	NA	NA	NA	NA	NA	NA	NA	NA	NA	NA	NA	NA	NA	NA	NA	NA	NA	NA
S19	8	1	c	S19.8.1.c	2	NA	NA	NA	NA	NA	NA	NA	NA	NA	NA	NA	NA	NA	NA	NA	NA	NA	NA	NA	NA
S19	8	2	a	S19.8.2.a	1	NA	NA	NA	NA	NA	NA	NA	NA	NA	NA	NA	NA	NA	NA	NA	NA	NA	NA	NA	NA
S19	8	2	a	S19.8.2.a	2	NA	NA	NA	NA	NA	NA	NA	NA	NA	NA	NA	NA	NA	NA	NA	NA	NA	NA	NA	NA
S20	5	a	a	S20.5.a.a	1	03.02.2016	7.74	7.93	10	5.63	5.24	4.61	8.50	4.74	4.78	1.57	1.53	1.61	5.60	5.58	5.74	30.70	28.09	32.44	27.68
S20	5	a	a	S20.5.a.a	2	04.02.2016	8.33	7.20	10	5.95	6.08	4.76	8.75	4.75	4.46	1.60	1.71	1.59	7.01	6.45	6.84	33.15	28.04	35.17	28.64
S20	5	a	a	S20.5.a.a	3	04.02.2016	7.99	7.21	10	4.97	5.41	4.68	8.04	4.71	4.46	1.50	1.53	1.65	5.58	5.58	6.06	34.06	31.24	35.27	29.70
S20	5	a	a	S20.5.a.a	4	15.02.2016	4.47	4.53	10	4.02	4.67	3.79	7.31	3.92	3.77	1.27	1.37	1.29	4.73	4.87	4.66	27.56	24.10	30.14	24.13
S20	5	a	b	S20.5.a.b	1	NA	NA	NA	NA	NA	NA	NA	NA	NA	NA	NA	NA	NA	NA	NA	NA	NA	NA	NA	NA
S20	5	a	b	S20.5.a.b	2	NA	NA	NA	NA	NA	NA	NA	NA	NA	NA	NA	NA	NA	NA	NA	NA	NA	NA	NA	NA
S20	5	b	a	S20.5.b.a	1	16.01.2016	8.66	9.35	10	5.47	6.17	5.60	9.01	5.07	4.69	1.77	1.70	1.68	6.26	6.18	6.26	35.12	31.09	35.09	30.21
S20	5	b	a	S20.5.b.a	2	19.01.2016	7.98	7.88	10	5.86	6.90	6.57	8.28	4.81	4.56	1.60	1.60	1.65	6.32	6.49	6.24	31.75	28.31	32.98	28.37
S20	5	b	a	S20.5.b.a	3	19.01.2016	9.08	8.16	10	4.80	5.41	5.26	8.26	4.99	4.94	1.60	1.49	1.53	5.30	5.88	5.63	33.22	30.33	31.33	28.27
S20	5	b	a	S20.5.b.a	4	01.02.2016	7.65	7.11	10	4.91	5.22	4.78	8.24	4.70	4.26	1.45	1.44	1.44	5.68	5.54	5.64	28.83	25.44	30.24	24.58
S20	5	b	b	S20.5.b.b	1	25.01.2016	NA	7.72	10	NA	NA	NA	7.77	4.15	4.08	NA	NA	NA	NA	NA	NA	31.65	27.39	34.34	27.09
S20	5	b	b	S20.5.b.b	2	NA	NA	NA	NA	NA	NA	NA	NA	NA	NA	NA	NA	NA	NA	NA	NA	NA	NA	NA	NA
S20	5	b	c	S20.5.b.c	1	NA	NA	NA	NA	NA	NA	NA	NA	NA	NA	NA	NA	NA	NA	NA	NA	NA	NA	NA	NA
S20	5	b	c	S20.5.b.c	2	NA	NA	NA	NA	NA	NA	NA	NA	NA	NA	NA	NA	NA	NA	NA	NA	NA	NA	NA	NA
S20	5	b	f	S20.5.b.f	1	NA	NA	NA	NA	NA	NA	NA	NA	NA	NA	NA	NA	NA	NA	NA	NA	NA	NA	NA	NA
S20	5	b	f	S20.5.b.f	2	NA	NA	NA	NA	NA	NA	NA	NA	NA	NA	NA	NA	NA	NA	NA	NA	NA	NA	NA	NA
S21	2	b	a	S21.2.b.a	1	13.05.2015	1.74	6.23	10	6.71	7.58	6.43	6.81	3.53	3.61	1.57	1.59	1.70	7.88	8.04	7.60	27.68	25.94	29.56	27.77
S21	2	b	a	S21.2.b.a	2	18.05.2015	2.85	6.17	10	5.21	6.13	5.39	6.39	3.24	3.26	1.61	1.51	1.59	6.81	6.66	6.38	20.06	19.11	22.13	20.54
S21	2	b	a	S21.2.b.a	3	02.06.2015	4.33	7.12	10	4.35	5.24	3.75	7.61	4.20	4.00	1.71	1.75	1.47	6.10	6.47	6.27	21.34	23.49	20.20	20.68
S21	8	1	a	S21.8.1.a	1	14.05.2015	2.59	6.67	10	6.21	7.90	6.67	6.53	3.44	3.40	1.52	1.53	1.66	7.58	8.15	7.94	27.05	22.44	28.48	22.92
S21	8	1	a	S21.8.1.a	2	14.05.2015	4.74	6.59	10	7.19	7.76	6.70	7.19	3.68	3.47	1.71	1.78	1.69	8.16	7.78	8.32	26.47	23.92	27.66	23.75
S21	8	1	b	S21.8.1.b	1	18.05.2015	4.80	6.97	10	7.13	8.26	7.07	7.34	4.02	3.85	1.70	1.83	1.99	8.17	8.42	8.42	24.60	24.58	25.16	24.06
S21	8	1	b	S21.8.1.b	2	20.05.2015	3.74	6.12	10	6.45	6.92	6.87	6.20	2.88	2.90	1.38	1.55	1.43	7.50	7.54	7.52	25.30	21.68	26.49	21.47
S21	8	1	b	S21.8.1.b	3	26.05.2015	3.46	7.02	10	6.60	7.10	6.55	6.30	3.35	3.51	1.62	1.86	1.59	8.25	7.93	8.27	25.07	22.08	24.87	22.59
S21	8	1	b	S21.8.1.b	4	28.05.2015	2.97	7.02	10	6.09	7.08	6.12	6.50	4.00	3.30	1.45	1.58	1.51	6.98	7.66	7.86	25.65	22.96	26.46	22.44
S21	8	1	c	S21.8.1.c	1	10.05.2015	3.64	6.53	10	6.07	7.35	6.34	6.80	3.59	3.60	1.64	1.62	1.48	8.50	8.60	8.10	27.42	24.18	28.49	25.55
S21	8	1	c	S21.8.1.c	2	12.05.2015	4.09	6.80	10	6.93	7.45	7.35	7.23	3.92	3.89	1.67	1.77	1.65	8.67	8.66	8.56	26.02	23.76	26.62	22.93
S21	8	1	c	S21.8.1.c	3	29.05.2015	4.83	7.44	10	7.66	8.83	7.74	7.07	3.63	3.97	1.69	1.72	1.74	8.00	8.06	8.34	28.09	27.07	28.77	27.98
S21	11	b	a	S21.11.b.a	1	17.05.2015	4.76	6.75	10	6.21	7.17	6.20	7.81	4.27	4.19	2.12	1.69	2.13	7.88	7.95	7.19	27.01	26.39	27.03	26.21
S21	11	b	a	S21.11.b.a	2	18.05.2015	4.89	7.08	10	5.60	7.44	5.99	7.72	3.89	3.79	1.74	1.62	1.84	7.12	7.51	7.46	24.23	24.54	23.55	24.44
S21	11	b	e	S21.11.b.e	1	15.05.2015	3.64	6.09	10	6.60	8.43	6.85	6.84	3.78	4.04	1.78	1.81	1.82	7.85	7.91	7.46	27.83	25.51	28.57	22.38
S21	11	b	e	S21.11.b.e	2	25.05.2015	1.33	6.35	10	6.87	6.93	6.35	6.26	3.39	3.60	1.71	1.70	1.87	7.85	7.56	7.77	25.84	22.78	26.52	22.79
S21	11	b	e	S21.11.b.e	3	26.05.2015	3.68	6.39	10	4.43	5.33	5.40	7.03	3.70	3.61	1.84	1.81	1.86	6.38	6.73	7.07	26.41	24.59	26.50	23.12
S21	11	b	h	S21.11.b.h	1	23.05.2015	4.10	7.34	9	6.56	7.82	6.43	6.78	3.51	3.85	1.40	1.60	1.66	7.42	7.25	7.36	26.52	21.84	27.78	24.95
S21	11	b	h	S21.11.b.h	2	02.07.2015	1.49	8.29	10	6.60	7.91	7.16	7.54	4.03	3.64	1.49	1.68	1.60	7.93	8.41	7.84	25.72	22.78	27.28	22.35
S21	12	1	a	S21.12.1.a	1	NA	NA	NA	NA	NA	NA	NA	NA	NA	NA	NA	NA	NA	NA	NA	NA	NA	NA	NA	NA
S21	12	1	a	S21.12.1.a	2	NA	NA	NA	NA	NA	NA	NA	NA	NA	NA	NA	NA	NA	NA	NA	NA	NA	NA	NA	NA
S21	12	1	b	S21.12.1.b	1	18.01.2016	2.44	8.13	10	7.02	7.69	6.69	9.20	4.73	4.99	1.42	1.66	1.56	10.21	9.45	10.40	32.96	32.89	31.59	33.91
S21	12	1	b	S21.12.1.b	2	01.02.2016	3.04	NA	10	7.44	6.95	7.04	8.90	4.10	4.03	1.40	1.49	1.46	9.51	8.84	9.09	28.12	27.70	29.80	26.95
S21	12	1	c	S21.12.1.c	1	15.05.2015	2.51	6.92	10	5.92	7.39	6.41	6.34	3.48	3.28	2.02	1.87	2.13	7.48	7.89	7.94	29.54	25.02	33.01	31.18
S21	12	1	c	S21.12.1.c	2	16.06.2015	2.89	7.00	10	5.15	7.04	6.17	5.88	3.25	3.08	1.70	2.03	1.73	6.50	6.63	6.97	30.04	29.64	29.64	29.01
S21	12	1	c	S21.12.1.c	3	16.06.2015	2.07	6.47	10	6.04	7.07	6.27	6.53	3.30	3.13	2.01	2.38	2.01	7.83	7.58	7.73	28.31	27.42	27.73	25.29
S22	2	1	a	S22.2.1.a	1	09.02.2016	5.36	7.30	10	4.73	5.36	4.94	8.76	4.07	4.08	1.32	1.19	1.30	7.46	7.38	7.31	23.90	21.98	22.18	18.76
S22	2	1	a	S22.2.1.a	2	09.02.2016	4.98	6.42	10	4.73	5.38	4.79	7.16	4.16	3.87	1.29	1.35	1.29	7.04	7.20	7.25	22.51	19.87	19.54	16.98
S22	2	1	b	S22.2.1.b	1	15.01.2016	3.56	6.24	10	4.79	5.50	4.59	7.39	3.46	3.31	1.84	1.62	1.64	7.17	7.40	6.96	22.20	19.02	20.47	15.69
S22	2	1	b	S22.2.1.b	2	02.02.2016	5.27	6.17	12	3.67	3.46	3.62	7.58	3.67	3.23	1.50	1.69	1.47	6.27	6.45	6.25	21.67	22.30	22.25	18.91
S22	2	1	c	S22.2.1.c	1	26.05.2015	3.76	5.15	10	4.26	4.79	4.49	7.42	2.99	3.45	1.67	1.46	1.52	6.68	6.83	6.25	16.98	16.59	17.50	15.83
S22	2	1	c	S22.2.1.c	2	28.05.2015	2.16	6.52	10	5.38	5.29	4.60	8.00	3.53	3.72	1.70	1.71	1.78	8.11	7.80	7.80	19.88	22.13	20.10	18.78
S22	2	1	c	S22.2.1.c	3	29.05.2015	2.98	7.44	10	5.37	6.76	5.73	8.04	3.93	3.87	1.89	2.10	1.96	8.62	8.29	8.45	22.08	22.85	21.93	21.02
S22	2	1	d	S22.2.1.d	1	06.01.2016	4.63	7.66	10	4.85	5.82	5.53	8.81	4.24	3.82	1.81	1.78	1.71	8.95	8.28	8.75	21.13	20.86	21.58	17.78
S22	2	1	d	S22.2.1.d	2	15.01.2016	4.27	6.47	11	4.77	5.38	5.51	7.56	3.47	3.50	1.66	1.79	1.71	7.40	7.12	7.88	23.46	20.86	24.35	19.83
S22	2	1	e	S22.2.1.e	1	21.06.2015	3.93	6.01	10	5.48	6.08	4.68	7.55	3.70	3.55	1.38	1.54	1.28	7.22	7.16	7.31	21.50	18.27	20.49	17.02
S22	2	1	e	S22.2.1.e	2	06.01.2016	5.20	6.69	10	4.91	6.94	5.60	8.32	4.38	4.18	2.01	1.97	1.95	8.64	8.73	8.64	25.33	24.77	26.01	22.56
S22	2	1	e	S22.2.1.e	3	06.01.2016	3.21	7.42	10	NA	NA	NA	6.59	3.22	3.16	1.73	1.81	1.64	8.04	8.08	8.24	26.74	24.55	24.94	22.40
S22	2	1	f	S22.2.1.f	1	22.05.2015	4.09	6.74	11	4.67	5.86	4.70	6.93	3.30	3.55	1.62	1.62	1.72	6.62	6.63	7.04	21.07	19.88	22.09	19.98
S22	2	1	f	S22.2.1.f	2	06.01.2016	3.96	6.91	10	6.38	6.72	5.94	7.89	3.24	3.28	1.70	1.69	1.55	8.68	8.21	8.20	29.54	27.14	30.72	29.75
S22	2	1	g	S22.2.1.g	1	18.01.2016	3.68	7.02	10	5.40	6.38	5.39	8.31	3.33	3.24	1.70	1.66	1.45	8.10	7.81	7.88	24.35	20.85	22.27	17.75
S22	2	1	g	S22.2.1.g	2	25.01.2016	5.22	7.06	10	5.90	6.66	5.56	7.43	3.61	3.96	1.60	1.75	1.67	8.72	8.85	8.81	25.61	21.68	22.12	19.39
S22	2	1	h	S22.2.1.h	1	NA	NA	NA	NA	NA	NA	NA	NA	NA	NA	NA	NA	NA	NA	NA	NA	NA	NA	NA	NA
S22	2	1	h	S22.2.1.h	2	NA	NA	NA	NA	NA	NA	NA	NA	NA	NA	NA	NA	NA	NA	NA	NA	NA	NA	NA	NA
S22	2	1	i	S22.2.1.i	1	06.01.2016	3.57	7.22	10	6.35	6.33	5.44	7.75	3.83	3.83	1.88	1.82	1.69	8.97	8.60	8.51	27.29	24.51	27.43	24.12
S22	2	1	i	S22.2.1.i	2	12.01.2016	2.83	7.06	10	6.18	6.72	5.81	7.78	4.30	3.99	1.97	1.82	1.92	9.48	9.51	9.17	21.70	19.23	23.14	18.58
S23	2	1	a	S23.2.1.a	1	14.05.2015	0.00	3.71	6	5.88	6.14	4.21	5.27	1.98	2.26	0.94	0.97	0.91	9.19	8.76	8.53	24.14	23.10	24.37	25.09
S23	2	1	a	S23.2.1.a	2	15.05.2015	0.00	3.32	7	4.96	5.39	4.43	4.30	1.15	1.07	0.82	0.97	0.73	6.75	6.95	6.31	18.28	17.42	19.95	19.47
S23	6	b	e	S23.6.b.e	1	15.05.2015	0.00	3.89	8	4.89	6.05	5.22	6.13	1.44	1.54	0.96	0.98	0.84	7.61	8.38	8.15	20.64	20.63	20.56	22.76
S23	6	b	e	S23.6.b.e	2	21.05.2015	0.00	3.95	9	6.10	5.96	4.93	5.59	1.72	1.50	0.98	0.96	0.95	8.59	8.42	7.88	22.02	23.31	22.28	23.79
S23	6	c	e	S23.6.c.e	1	23.05.2015	0.00	4.16	6	4.81	4.62	3.33	5.13	1.21	1.29	0.90	0.85	0.93	6.36	7.05	6.82	18.40	18.32	20.61	20.52
S23	6	c	e	S23.6.c.e	2	23.05.2015	0.00	3.07	9	4.11	4.71	3.67	4.60	1.21	1.08	0.82	0.74	0.84	6.16	6.22	5.82	18.54	17.74	19.66	19.74
S23	7	1	b	S23.7.1.b	1	09.05.2015	0.00	3.35	8	3.97	4.25	3.98	5.35	1.04	1.29	0.87	0.97	0.86	6.72	7.17	6.79	15.54	16.08	17.14	16.49
S23	7	1	b	S23.7.1.b	2	10.05.2015	0.00	3.57	6	4.19	5.25	4.56	4.61	1.17	1.05	0.83	0.87	0.67	6.39	6.86	5.76	16.90	16.50	18.46	17.53
S23	11	1	a	S23.11.1.a	1	09.05.2015	0.00	3.62	8	4.58	5.86	6.00	5.65	1.52	1.47	0.99	0.92	0.85	7.86	7.81	7.56	19.44	21.26	22.25	24.39
S23	11	1	a	S23.11.1.a	2	17.05.2015	0.00	3.94	6	4.98	4.92	4.68	5.16	1.31	1.20	0.81	0.89	0.80	6.69	7.24	6.27	18.63	17.62	21.75	20.56
S23	15	1	c	S23.15.1.c	1	17.05.2015	0.00	3.71	8	3.08	4.41	4.24	5.61	1.54	1.63	0.89	0.91	0.90	7.01	7.26	7.16	20.78	20.59	24.53	23.42
S23	15	1	c	S23.15.1.c	2	22.05.2015	0.00	3.51	9	4.77	6.29	4.80	4.87	1.69	1.65	0.96	1.07	0.88	7.26	7.88	7.40	20.88	20.61	22.42	21.26
S23	20	a.1	g	S23.20.a.1.g	1	10.05.2015	0.30	3.08	5	3.56	3.53	3.31	4.36	1.09	0.81	0.67	0.76	0.55	5.21	5.74	4.90	16.85	15.51	19.09	17.88
S23	20	a.1	g	S23.20.a.1.g	2	13.05.2015	0.00	3.60	7	4.74	4.82	4.87	5.42	1.66	1.19	0.85	1.07	0.92	7.72	7.94	7.74	19.70	20.42	22.05	23.36
S23	20	a.2	f	S23.20.a.2.f	1	24.05.2015	0.00	3.40	8	4.05	5.20	4.43	4.00	1.40	1.43	0.76	0.97	0.85	7.44	7.45	6.90	18.34	18.24	21.20	20.71
S23	20	a.2	f	S23.20.a.2.f	2	26.05.2015	0.00	3.39	7	6.34	5.58	6.37	4.53	0.80	1.39	0.89	0.79	0.81	8.08	8.65	8.19	19.05	19.35	22.24	20.56
S23	21	2	a	S23.21.2.a	1	10.05.2015	0.00	4.27	6	4.64	5.53	6.29	5.87	1.29	1.64	0.96	0.88	0.88	7.64	8.39	7.77	21.63	21.61	24.26	22.09
S23	21	2	a	S23.21.2.a	2	14.05.2015	0.10	3.58	5	5.19	6.66	5.45	4.86	1.52	1.32	1.07	0.88	0.89	7.17	7.79	7.64	19.20	18.63	21.99	21.13
S23	22	1	h	S23.22.1.h	1	17.05.2015	0.00	3.27	6	5.46	6.13	3.71	5.30	1.02	1.00	0.84	0.89	0.89	7.43	7.76	7.44	20.25	18.84	22.92	21.06
S23	22	1	h	S23.22.1.h	2	02.06.2015	0.00	3.54	6	4.09	4.72	5.05	5.00	1.58	1.59	0.87	0.90	0.88	7.24	7.40	7.00	19.65	18.81	21.22	21.08
S23	25	1	f	S23.25.1.f	1	12.05.2015	0.00	3.87	7	5.17	5.95	5.64	5.12	1.49	1.44	0.85	1.03	0.97	7.15	7.48	7.87	19.80	19.83	20.74	21.21
S23	25	1	f	S23.25.1.f	2	18.05.2015	0.00	3.77	10	3.29	4.04	4.99	4.57	1.24	1.38	0.94	0.96	0.83	7.24	7.60	7.51	20.74	20.98	22.65	20.41
S25	66	1	a	S25.66.1.a	1	NA	NA	NA	NA	NA	NA	NA	NA	NA	NA	NA	NA	NA	NA	NA	NA	NA	NA	NA	NA
S25	66	1	a	S25.66.1.a	2	NA	NA	NA	NA	NA	NA	NA	NA	NA	NA	NA	NA	NA	NA	NA	NA	NA	NA	NA	NA
S25	66	2	a	S25.66.2.a	1	NA	NA	NA	NA	NA	NA	NA	NA	NA	NA	NA	NA	NA	NA	NA	NA	NA	NA	NA	NA
S25	66	2	a	S25.66.2.a	2	NA	NA	NA	NA	NA	NA	NA	NA	NA	NA	NA	NA	NA	NA	NA	NA	NA	NA	NA	NA
S25	A3	1	d	S25.A3.1.d	1	18.05.2015	4.57	7.08	10	5.39	5.23	4.46	6.27	2.50	2.55	1.09	0.94	1.04	6.70	6.43	6.24	28.31	24.83	33.69	31.77
S25	A3	1	d	S25.A3.1.d	2	NA	NA	NA	NA	NA	NA	NA	NA	NA	NA	NA	NA	NA	NA	NA	NA	NA	NA	NA	NA
S25	cr	1	d	S25.cr.1.d	1	13.05.2015	2.32	6.83	10	6.14	6.84	5.38	8.57	4.30	4.30	2.05	2.12	2.03	8.21	8.12	8.33	24.93	26.62	29.09	27.67
S25	cr	1	d	S25.cr.1.d	2	NA	NA	NA	NA	NA	NA	NA	NA	NA	NA	NA	NA	NA	NA	NA	NA	NA	NA	NA	NA
S25	cr	5	e	S25.cr.5.e	1	14.05.2015	2.18	5.25	10	5.15	5.42	3.95	8.27	4.20	4.45	1.85	1.78	1.65	8.25	8.28	8.20	20.50	21.03	20.60	20.50
S25	cr	5	e	S25.cr.5.e	2	NA	NA	NA	NA	NA	NA	NA	NA	NA	NA	NA	NA	NA	NA	NA	NA	NA	NA	NA	NA
S25	P02	1	b	S25.P02.1.b	1	NA	NA	NA	NA	NA	NA	NA	NA	NA	NA	NA	NA	NA	NA	NA	NA	NA	NA	NA	NA
S25	P02	1	b	S25.P02.1.b	2	NA	NA	NA	NA	NA	NA	NA	NA	NA	NA	NA	NA	NA	NA	NA	NA	NA	NA	NA	NA
S25	P02	1	c	S25.P02.1.c	1	12.05.2015	3.67	4.57	10	6.89	7.63	7.16	8.68	4.23	4.19	1.53	1.65	1.60	9.57	9.88	9.80	25.98	22.87	30.53	26.50
S25	P02	1	c	S25.P02.1.c	2	06.06.2015	2.33	6.14	10	6.85	7.91	7.03	7.98	4.55	4.11	1.55	1.53	1.52	10.04	9.84	9.42	23.82	22.64	26.02	23.80
S25	st	1	b	S25.st.1.b	1	NA	NA	NA	NA	NA	NA	NA	NA	NA	NA	NA	NA	NA	NA	NA	NA	NA	NA	NA	NA
S25	st	1	b	S25.st.1.b	2	NA	NA	NA	NA	NA	NA	NA	NA	NA	NA	NA	NA	NA	NA	NA	NA	NA	NA	NA	NA
S25	st1	1	f	S25.st1.1.f	1	NA	NA	NA	NA	NA	NA	NA	NA	NA	NA	NA	NA	NA	NA	NA	NA	NA	NA	NA	NA
S25	st1	1	f	S25.st1.1.f	2	NA	NA	NA	NA	NA	NA	NA	NA	NA	NA	NA	NA	NA	NA	NA	NA	NA	NA	NA	NA
S26	1	a	a	S26.1.a.a	1	07.01.2016	2.18	6.37	10	6.51	6.91	6.19	7.44	3.69	3.70	1.25	1.57	1.30	8.64	9.17	9.13	26.67	24.36	28.85	25.97
S26	1	a	a	S26.1.a.a	2	NA	NA	NA	NA	NA	NA	NA	NA	NA	NA	NA	NA	NA	NA	NA	NA	NA	NA	NA	NA
S26	1	d	c	S26.1.d.c	1	NA	NA	NA	NA	NA	NA	NA	NA	NA	NA	NA	NA	NA	NA	NA	NA	NA	NA	NA	NA
S26	1	d	c	S26.1.d.c	2	NA	NA	NA	NA	NA	NA	NA	NA	NA	NA	NA	NA	NA	NA	NA	NA	NA	NA	NA	NA
S26	1	d	e	S26.1.d.e	1	NA	NA	NA	NA	NA	NA	NA	NA	NA	NA	NA	NA	NA	NA	NA	NA	NA	NA	NA	NA
S26	1	d	e	S26.1.d.e	2	NA	NA	NA	NA	NA	NA	NA	NA	NA	NA	NA	NA	NA	NA	NA	NA	NA	NA	NA	NA
S26	1	e	a	S26.1.e.a	1	NA	NA	NA	NA	NA	NA	NA	NA	NA	NA	NA	NA	NA	NA	NA	NA	NA	NA	NA	NA
S26	1	e	a	S26.1.e.a	2	NA	NA	NA	NA	NA	NA	NA	NA	NA	NA	NA	NA	NA	NA	NA	NA	NA	NA	NA	NA
S26	1	e	b	S26.1.e.b	1	15.01.2016	0.57	4.24	10	5.25	6.62	6.01	6.12	2.27	2.28	0.97	1.32	1.43	8.19	8.16	8.48	18.00	16.59	19.68	17.90
S26	1	e	b	S26.1.e.b	2	NA	NA	NA	NA	NA	NA	NA	NA	NA	NA	NA	NA	NA	NA	NA	NA	NA	NA	NA	NA
S26	6	a	b	S26.6.a.b	1	14.06.2015	5.47	6.37	10	7.65	8.11	7.45	7.64	2.84	2.81	1.46	1.49	1.53	7.89	7.85	8.01	21.56	22.00	22.96	21.82
S26	6	a	b	S26.6.a.b	2	23.01.2016	3.44	6.35	10	6.55	7.44	5.97	6.15	2.55	2.74	1.24	1.48	1.28	7.89	8.04	7.63	27.48	23.14	31.08	25.17
S26	6	a	b	S26.6.a.b	3	25.01.2016	2.61	6.96	10	6.69	7.44	7.15	7.50	3.22	3.12	1.46	1.48	1.41	9.05	8.77	8.31	24.94	21.75	25.47	23.10
S26	6	a	d	S26.6.a.d	1	09.01.2016	4.26	5.89	10	5.93	6.09	5.91	6.94	3.07	3.00	1.53	1.70	1.49	8.06	7.82	7.97	23.08	22.13	23.93	21.96
S26	6	a	d	S26.6.a.d	2	13.01.2016	4.56	5.63	10	5.36	5.74	5.23	6.87	2.95	2.85	1.42	1.79	1.70	7.39	7.22	7.21	21.68	20.03	19.65	19.38
S26	6	b	c	S26.6.b.c	1	NA	NA	NA	NA	NA	NA	NA	NA	NA	NA	NA	NA	NA	NA	NA	NA	NA	NA	NA	NA
S26	6	b	c	S26.6.b.c	2	NA	NA	NA	NA	NA	NA	NA	NA	NA	NA	NA	NA	NA	NA	NA	NA	NA	NA	NA	NA
S26	6	b	d	S26.6.b.d	1	26.05.2015	3.97	6.23	12	4.81	5.44	5.20	7.85	2.14	3.37	1.43	1.61	1.43	6.44	6.57	6.76	22.89	20.44	20.68	19.04
S26	6	b	d	S26.6.b.d	2	11.01.2016	3.96	6.02	10	7.98	8.07	7.95	8.42	3.57	3.28	1.73	1.70	1.60	9.31	9.21	8.93	26.31	23.70	27.54	24.47
S26	6	d	a	S26.6.d.a	1	25.01.2016	2.68	5.80	10	5.37	6.42	6.08	7.83	3.48	3.09	1.42	1.74	1.29	8.21	8.12	8.03	21.18	21.86	22.61	22.84
S26	6	d	a	S26.6.d.a	2	NA	NA	NA	NA	NA	NA	NA	NA	NA	NA	NA	NA	NA	NA	NA	NA	NA	NA	NA	NA
S26	6	b	a	S26.6.b.a	1	05.01.2016	3.72	5.58	10	5.00	5.76	4.91	7.15	2.44	2.74	1.27	1.20	1.22	6.44	7.02	6.67	21.88	21.73	27.75	23.97
S26	6	b	a	S26.6.b.a	2	07.02.2016	3.94	6.02	10	4.54	4.59	4.62	8.69	3.70	3.58	1.65	1.68	1.64	8.13	7.86	8.26	22.35	21.38	21.71	19.51
